nome file;	10.max;;	100.max;;	1000.max;;	10000.max;;	100000.max;;	2000.max;;	50.max;;	500.max;;	5000.max;;	50000.max;;	
numero di nodi;	10;;	10000;;	1000;;	10000;;	100000;;	2000;;	500;;	5000;;	5000;;	50000;;	
numero di archi;	7;;	39596;;	4494;;	45894;;	485994;;	9094;;	2194;;	22894;;	22894;;	229894;;	
dimensione del file (Kbytes);	1;;	1122;;	128;;	1301;;	13764;;	258;;	63;;	649;;	649;;	6511;;	
dimensione del file (Mbytes);	0.000977;;	1.095703;;	0.125000;;	1.270508;;	13.441406;;	0.251953;;	0.061523;;	0.633789;;	0.633789;;	6.358398;;	
[descrizione del dataset]
ALGORITMO;Tempi di esecuzione (ms); Tempi di esecuzione (s);Tempi di esecuzione (ms); Tempi di esecuzione (s);Tempi di esecuzione (ms); Tempi di esecuzione (s);Tempi di esecuzione (ms); Tempi di esecuzione (s);Tempi di esecuzione (ms); Tempi di esecuzione (s);Tempi di esecuzione (ms); Tempi di esecuzione (s);Tempi di esecuzione (ms); Tempi di esecuzione (s);Tempi di esecuzione (ms); Tempi di esecuzione (s);Tempi di esecuzione (ms); Tempi di esecuzione (s);Tempi di esecuzione (ms); Tempi di esecuzione (s);
Edmond_Karps;	0;	0.000000;	0;	0.000000;	17;	0.017000;	650;	0.650000;	429302;	429.302000;	66;	0.066000;	3;	0.003000;	319;	0.319000;	301;	0.301000;	6121;	6.121000;	
Dinic;	0;	0.000000;	0;	0.000000;	4;	0.004000;	151;	0.151000;	9309;	9.309000;	12;	0.012000;	1;	0.001000;	45;	0.045000;	47;	0.047000;	3387;	3.387000;	
Push_Relabel_FIFO;	0;	0.000000;	0;	0.000000;	0;	0.000000;	9;	0.009000;	1269;	1.269000;	1;	0.001000;	0;	0.000000;	4;	0.004000;	3;	0.003000;	59;	0.059000;	
Push_Relabel_Highest;	0;	0.000000;	0;	0.000000;	0;	0.000000;	3;	0.003000;	486;	0.486000;	1;	0.001000;	0;	0.000000;	2;	0.002000;	2;	0.002000;	10;	0.010000;	
Ahuja_Orlin;	0;	0.000000;	1;	0.001000;	1;	0.001000;	17;	0.017000;	1558;	1.558000;	2;	0.002000;	0;	0.000000;	5;	0.005000;	5;	0.005000;	170;	0.170000;	
Push_Relabel_Parallel_2_Processes;	0;	0.000000;	5;	0.005000;	15;	0.015000;	19;	0.019000;	5256;	5.256000;	16;	0.016000;	8;	0.008000;	12;	0.012000;	12;	0.012000;	113;	0.113000;	
Push_Relabel_Segment_Parallel_2_processes;	0;	0.000000;	1;	0.001000;	3;	0.003000;	13;	0.013000;	1133;	1.133000;	6;	0.006000;	3;	0.003000;	9;	0.009000;	7;	0.007000;	42;	0.042000;	
Ahuja_Orlin_Parallel_2_processes;	0;	0.000000;	2;	0.002000;	3;	0.003000;	27;	0.027000;	2097;	2.097000;	5;	0.005000;	1;	0.001000;	9;	0.009000;	9;	0.009000;	235;	0.235000;	
Push_Relabel_Parallel_4_Processes;	0;	0.000000;	5;	0.005000;	19;	0.019000;	18;	0.018000;	6881;	6.881000;	19;	0.019000;	11;	0.011000;	12;	0.012000;	13;	0.013000;	107;	0.107000;	
Push_Relabel_Segment_Parallel_4_processes;	0;	0.000000;	2;	0.002000;	5;	0.005000;	11;	0.011000;	1121;	1.121000;	6;	0.006000;	2;	0.002000;	10;	0.010000;	7;	0.007000;	42;	0.042000;	
Ahuja_Orlin_Parallel_4_processes;	0;	0.000000;	2;	0.002000;	4;	0.004000;	27;	0.027000;	2281;	2.281000;	10;	0.010000;	3;	0.003000;	13;	0.013000;	13;	0.013000;	372;	0.372000;	
Push_Relabel_Parallel_8_Processes;	3;	0.003000;	229;	0.229000;	38;	0.038000;	45;	0.045000;	13178;	13.178000;	70;	0.070000;	28;	0.028000;	42;	0.042000;	31;	0.031000;	366;	0.366000;	
Push_Relabel_Segment_Parallel_8_processes;	0;	0.000000;	1;	0.001000;	54;	0.054000;	12;	0.012000;	1719;	1.719000;	9;	0.009000;	5;	0.005000;	35;	0.035000;	20;	0.020000;	41;	0.041000;	
Ahuja_Orlin_Parallel_8_processes;	0;	0.000000;	47;	0.047000;	80;	0.080000;	30;	0.030000;	2826;	2.826000;	24;	0.024000;	3;	0.003000;	19;	0.019000;	16;	0.016000;	696;	0.696000;	
Push_Relabel_Parallel_16_Processes;	3;	0.003000;	110;	0.110000;	277;	0.277000;	230;	0.230000;	76554;	76.554000;	235;	0.235000;	133;	0.133000;	139;	0.139000;	166;	0.166000;	855;	0.855000;	
Push_Relabel_Segment_Parallel_16_processes;	1;	0.001000;	19;	0.019000;	55;	0.055000;	84;	0.084000;	4001;	4.001000;	69;	0.069000;	36;	0.036000;	67;	0.067000;	74;	0.074000;	269;	0.269000;	
Ahuja_Orlin_Parallel_16_processes;	1;	0.001000;	19;	0.019000;	40;	0.040000;	144;	0.144000;	5195;	5.195000;	51;	0.051000;	32;	0.032000;	52;	0.052000;	62;	0.062000;	885;	0.885000;	
Hochbaum_highest_label_fifo;	0;	0.000000;	0;	0.000000;	0;	0.000000;	16;	0.016000;	234;	0.234000;	0;	0.000000;	0;	0.000000;	0;	0.000000;	0;	0.000000;	16;	0.016000;	
Hochbaum_highest_label_lifo;	0;	0.000000;	0;	0.000000;	0;	0.000000;	16;	0.016000;	391;	0.391000;	0;	0.000000;	0;	0.000000;	16;	0.016000;	0;	0.000000;	16;	0.016000;	
Hochbaum__lowest_label_fifo;	0;	0.000000;	0;	0.000000;	0;	0.000000;	31;	0.031000;	750;	0.750000;	0;	0.000000;	0;	0.000000;	0;	0.000000;	0;	0.000000;	578;	0.578000;	
Hochbaum__lowest_label_lifo;	0;	0.000000;	0;	0.000000;	0;	0.000000;	47;	0.047000;	2562;	2.562000;	0;	0.000000;	0;	0.000000;	0;	0.000000;	0;	0.000000;	516;	0.516000;	
boykov_kolmogorov;	0;	0.000000;	1;	0.001000;	3;	0.003000;	104;	0.104000;	40469;	40.469000;	12;	0.012000;	0;	0.000000;	34;	0.034000;	36;	0.036000;	709;	0.709000;	
