nome file;	10.max;;	1000.max;;	100000.max;;	12250.max;;	160.max;;	16000.max;;	20.max;;	2250.max;;	250.max;;	25000.max;;	360.max;;	36000.max;;	40.max;;	4000.max;;	490.max;;	49000.max;;	6250.max;;	640.max;;	64000.max;;	810.max;;	81000.max;;	90.max;;	9000.max;;	
numero di nodi;	10;;	1000;;	100000;;	12250;;	160;;	16000;;	160;;	2250;;	250;;	25000;;	360;;	36000;;	40;;	4000;;	490;;	49000;;	6250;;	640;;	64000;;	810;;	81000;;	90;;	9000;;	
numero di archi;	7;;	4494;;	485994;;	58619;;	618;;	76794;;	618;;	10419;;	1019;;	120494;;	1518;;	173994;;	110;;	18794;;	2115;;	237294;;	29619;;	2810;;	310394;;	3603;;	393294;;	315;;	42894;;	
dimensione del file (Kbytes);	1;;	128;;	13764;;	1661;;	18;;	2176;;	18;;	296;;	30;;	3413;;	44;;	4928;;	4;;	533;;	61;;	6721;;	840;;	80;;	8791;;	103;;	11139;;	10;;	1216;;	
dimensione del file (Mbytes);	0.000977;;	0.125000;;	13.441406;;	1.622070;;	0.017578;;	2.125000;;	0.017578;;	0.289062;;	0.029297;;	3.333008;;	0.042969;;	4.812500;;	0.003906;;	0.520508;;	0.059570;;	6.563477;;	0.820312;;	0.078125;;	8.584961;;	0.100586;;	10.877930;;	0.009766;;	1.187500;;	
[descrizione del dataset]
ALGORITMO;Tempi di esecuzione (ms); Tempi di esecuzione (s);Tempi di esecuzione (ms); Tempi di esecuzione (s);Tempi di esecuzione (ms); Tempi di esecuzione (s);Tempi di esecuzione (ms); Tempi di esecuzione (s);Tempi di esecuzione (ms); Tempi di esecuzione (s);Tempi di esecuzione (ms); Tempi di esecuzione (s);Tempi di esecuzione (ms); Tempi di esecuzione (s);Tempi di esecuzione (ms); Tempi di esecuzione (s);Tempi di esecuzione (ms); Tempi di esecuzione (s);Tempi di esecuzione (ms); Tempi di esecuzione (s);Tempi di esecuzione (ms); Tempi di esecuzione (s);Tempi di esecuzione (ms); Tempi di esecuzione (s);Tempi di esecuzione (ms); Tempi di esecuzione (s);Tempi di esecuzione (ms); Tempi di esecuzione (s);Tempi di esecuzione (ms); Tempi di esecuzione (s);Tempi di esecuzione (ms); Tempi di esecuzione (s);Tempi di esecuzione (ms); Tempi di esecuzione (s);Tempi di esecuzione (ms); Tempi di esecuzione (s);Tempi di esecuzione (ms); Tempi di esecuzione (s);Tempi di esecuzione (ms); Tempi di esecuzione (s);Tempi di esecuzione (ms); Tempi di esecuzione (s);Tempi di esecuzione (ms); Tempi di esecuzione (s);Tempi di esecuzione (ms); Tempi di esecuzione (s);
Edmond_Karps;	0;	0.000000;	12;	0.012000;	358066;	358.066000;	2904;	2.904000;	0;	0.000000;	5106;	5.106000;	0;	0.000000;	69;	0.069000;	0;	0.000000;	12598;	12.598000;	1;	0.001000;	28820;	28.820000;	0;	0.000000;	258;	0.258000;	2;	0.002000;	64478;	64.478000;	694;	0.694000;	4;	0.004000;	120382;	120.382000;	8;	0.008000;	221817;	221.817000;	0;	0.000000;	1477;	1.477000;	
Dinic;	0;	0.000000;	5;	0.005000;	8042;	8.042000;	172;	0.172000;	0;	0.000000;	276;	0.276000;	0;	0.000000;	12;	0.012000;	0;	0.000000;	450;	0.450000;	0;	0.000000;	908;	0.908000;	0;	0.000000;	27;	0.027000;	0;	0.000000;	1648;	1.648000;	54;	0.054000;	1;	0.001000;	3324;	3.324000;	2;	0.002000;	4404;	4.404000;	0;	0.000000;	110;	0.110000;	
Push_Relabel_FIFO;	0;	0.000000;	0;	0.000000;	1057;	1.057000;	31;	0.031000;	0;	0.000000;	47;	0.047000;	0;	0.000000;	1;	0.001000;	0;	0.000000;	76;	0.076000;	0;	0.000000;	179;	0.179000;	0;	0.000000;	4;	0.004000;	0;	0.000000;	291;	0.291000;	9;	0.009000;	0;	0.000000;	596;	0.596000;	0;	0.000000;	745;	0.745000;	0;	0.000000;	19;	0.019000;	
Push_Relabel_Highest;	0;	0.000000;	0;	0.000000;	439;	0.439000;	18;	0.018000;	0;	0.000000;	21;	0.021000;	0;	0.000000;	1;	0.001000;	0;	0.000000;	39;	0.039000;	0;	0.000000;	78;	0.078000;	0;	0.000000;	5;	0.005000;	0;	0.000000;	132;	0.132000;	7;	0.007000;	0;	0.000000;	228;	0.228000;	0;	0.000000;	311;	0.311000;	0;	0.000000;	9;	0.009000;	
Ahuja_Orlin;	0;	0.000000;	1;	0.001000;	1330;	1.330000;	40;	0.040000;	0;	0.000000;	61;	0.061000;	0;	0.000000;	3;	0.003000;	0;	0.000000;	104;	0.104000;	0;	0.000000;	218;	0.218000;	0;	0.000000;	8;	0.008000;	0;	0.000000;	397;	0.397000;	15;	0.015000;	0;	0.000000;	645;	0.645000;	0;	0.000000;	897;	0.897000;	0;	0.000000;	26;	0.026000;	
Push_Relabel_Parallel_2_Processes;	0;	0.000000;	15;	0.015000;	4790;	4.790000;	270;	0.270000;	2;	0.002000;	387;	0.387000;	1;	0.001000;	24;	0.024000;	2;	0.002000;	381;	0.381000;	3;	0.003000;	967;	0.967000;	0;	0.000000;	38;	0.038000;	5;	0.005000;	1448;	1.448000;	86;	0.086000;	4;	0.004000;	2354;	2.354000;	9;	0.009000;	2827;	2.827000;	0;	0.000000;	146;	0.146000;	
Push_Relabel_Segment_Parallel_2_processes;	0;	0.000000;	2;	0.002000;	759;	0.759000;	40;	0.040000;	0;	0.000000;	51;	0.051000;	0;	0.000000;	7;	0.007000;	0;	0.000000;	80;	0.080000;	1;	0.001000;	186;	0.186000;	0;	0.000000;	12;	0.012000;	1;	0.001000;	210;	0.210000;	14;	0.014000;	1;	0.001000;	420;	0.420000;	1;	0.001000;	519;	0.519000;	0;	0.000000;	30;	0.030000;	
Ahuja_Orlin_Parallel_2_processes;	0;	0.000000;	2;	0.002000;	1429;	1.429000;	78;	0.078000;	0;	0.000000;	105;	0.105000;	0;	0.000000;	8;	0.008000;	0;	0.000000;	150;	0.150000;	1;	0.001000;	273;	0.273000;	0;	0.000000;	13;	0.013000;	1;	0.001000;	468;	0.468000;	24;	0.024000;	1;	0.001000;	712;	0.712000;	1;	0.001000;	968;	0.968000;	0;	0.000000;	41;	0.041000;	
Push_Relabel_Parallel_4_Processes;	0;	0.000000;	16;	0.016000;	5217;	5.217000;	315;	0.315000;	2;	0.002000;	418;	0.418000;	2;	0.002000;	24;	0.024000;	2;	0.002000;	431;	0.431000;	3;	0.003000;	1064;	1.064000;	0;	0.000000;	39;	0.039000;	4;	0.004000;	1590;	1.590000;	106;	0.106000;	5;	0.005000;	2472;	2.472000;	11;	0.011000;	2983;	2.983000;	0;	0.000000;	164;	0.164000;	
Push_Relabel_Segment_Parallel_4_processes;	0;	0.000000;	3;	0.003000;	747;	0.747000;	43;	0.043000;	0;	0.000000;	55;	0.055000;	0;	0.000000;	8;	0.008000;	1;	0.001000;	78;	0.078000;	1;	0.001000;	163;	0.163000;	0;	0.000000;	15;	0.015000;	1;	0.001000;	206;	0.206000;	19;	0.019000;	2;	0.002000;	375;	0.375000;	2;	0.002000;	490;	0.490000;	0;	0.000000;	28;	0.028000;	
Ahuja_Orlin_Parallel_4_processes;	0;	0.000000;	4;	0.004000;	1388;	1.388000;	72;	0.072000;	0;	0.000000;	103;	0.103000;	0;	0.000000;	12;	0.012000;	1;	0.001000;	145;	0.145000;	1;	0.001000;	261;	0.261000;	0;	0.000000;	13;	0.013000;	2;	0.002000;	452;	0.452000;	26;	0.026000;	1;	0.001000;	707;	0.707000;	2;	0.002000;	947;	0.947000;	0;	0.000000;	43;	0.043000;	
Push_Relabel_Parallel_8_Processes;	0;	0.000000;	23;	0.023000;	7341;	7.341000;	325;	0.325000;	2;	0.002000;	731;	0.731000;	2;	0.002000;	28;	0.028000;	4;	0.004000;	518;	0.518000;	57;	0.057000;	1519;	1.519000;	0;	0.000000;	44;	0.044000;	6;	0.006000;	2228;	2.228000;	102;	0.102000;	6;	0.006000;	3570;	3.570000;	12;	0.012000;	4047;	4.047000;	1;	0.001000;	181;	0.181000;	
Push_Relabel_Segment_Parallel_8_processes;	0;	0.000000;	7;	0.007000;	939;	0.939000;	192;	0.192000;	0;	0.000000;	152;	0.152000;	1;	0.001000;	17;	0.017000;	2;	0.002000;	152;	0.152000;	3;	0.003000;	183;	0.183000;	0;	0.000000;	17;	0.017000;	2;	0.002000;	312;	0.312000;	25;	0.025000;	3;	0.003000;	680;	0.680000;	6;	0.006000;	786;	0.786000;	0;	0.000000;	43;	0.043000;	
Ahuja_Orlin_Parallel_8_processes;	0;	0.000000;	8;	0.008000;	1854;	1.854000;	92;	0.092000;	0;	0.000000;	115;	0.115000;	0;	0.000000;	19;	0.019000;	8;	0.008000;	166;	0.166000;	2;	0.002000;	509;	0.509000;	0;	0.000000;	20;	0.020000;	3;	0.003000;	805;	0.805000;	33;	0.033000;	5;	0.005000;	1269;	1.269000;	6;	0.006000;	1258;	1.258000;	0;	0.000000;	55;	0.055000;	
Push_Relabel_Parallel_16_Processes;	3;	0.003000;	231;	0.231000;	64150;	64.150000;	4257;	4.257000;	32;	0.032000;	5698;	5.698000;	40;	0.040000;	345;	0.345000;	36;	0.036000;	5631;	5.631000;	52;	0.052000;	14009;	14.009000;	6;	0.006000;	533;	0.533000;	72;	0.072000;	20049;	20.049000;	1279;	1.279000;	81;	0.081000;	31388;	31.388000;	133;	0.133000;	37089;	37.089000;	10;	0.010000;	2265;	2.265000;	
Push_Relabel_Segment_Parallel_16_processes;	1;	0.001000;	43;	0.043000;	3379;	3.379000;	322;	0.322000;	8;	0.008000;	432;	0.432000;	4;	0.004000;	81;	0.081000;	10;	0.010000;	499;	0.499000;	14;	0.014000;	1097;	1.097000;	1;	0.001000;	135;	0.135000;	19;	0.019000;	946;	0.946000;	126;	0.126000;	19;	0.019000;	2117;	2.117000;	32;	0.032000;	1977;	1.977000;	2;	0.002000;	193;	0.193000;	
Ahuja_Orlin_Parallel_16_processes;	1;	0.001000;	28;	0.028000;	4242;	4.242000;	540;	0.540000;	5;	0.005000;	696;	0.696000;	8;	0.008000;	115;	0.115000;	14;	0.014000;	729;	0.729000;	16;	0.016000;	1090;	1.090000;	1;	0.001000;	101;	0.101000;	26;	0.026000;	1772;	1.772000;	198;	0.198000;	18;	0.018000;	2690;	2.690000;	25;	0.025000;	3117;	3.117000;	4;	0.004000;	316;	0.316000;	
Hochbaum_highest_label_fifo;	0;	0.000000;	0;	0.000000;	203;	0.203000;	0;	0.000000;	0;	0.000000;	16;	0.016000;	0;	0.000000;	0;	0.000000;	0;	0.000000;	47;	0.047000;	0;	0.000000;	31;	0.031000;	0;	0.000000;	16;	0.016000;	0;	0.000000;	62;	0.062000;	0;	0.000000;	0;	0.000000;	109;	0.109000;	0;	0.000000;	141;	0.141000;	0;	0.000000;	16;	0.016000;	
Hochbaum_highest_label_lifo;	0;	0.000000;	0;	0.000000;	328;	0.328000;	0;	0.000000;	0;	0.000000;	16;	0.016000;	0;	0.000000;	0;	0.000000;	0;	0.000000;	47;	0.047000;	0;	0.000000;	62;	0.062000;	0;	0.000000;	0;	0.000000;	0;	0.000000;	94;	0.094000;	0;	0.000000;	0;	0.000000;	359;	0.359000;	0;	0.000000;	297;	0.297000;	0;	0.000000;	16;	0.016000;	
Hochbaum__lowest_label_fifo;	0;	0.000000;	0;	0.000000;	641;	0.641000;	16;	0.016000;	0;	0.000000;	31;	0.031000;	0;	0.000000;	0;	0.000000;	0;	0.000000;	62;	0.062000;	0;	0.000000;	109;	0.109000;	0;	0.000000;	0;	0.000000;	0;	0.000000;	203;	0.203000;	0;	0.000000;	0;	0.000000;	328;	0.328000;	0;	0.000000;	484;	0.484000;	0;	0.000000;	16;	0.016000;	
Hochbaum__lowest_label_lifo;	0;	0.000000;	0;	0.000000;	2172;	2.172000;	47;	0.047000;	0;	0.000000;	47;	0.047000;	0;	0.000000;	0;	0.000000;	0;	0.000000;	141;	0.141000;	0;	0.000000;	328;	0.328000;	0;	0.000000;	0;	0.000000;	0;	0.000000;	766;	0.766000;	0;	0.000000;	0;	0.000000;	766;	0.766000;	0;	0.000000;	1969;	1.969000;	0;	0.000000;	16;	0.016000;	
boykov_kolmogorov;	0;	0.000000;	3;	0.003000;	32375;	32.375000;	375;	0.375000;	0;	0.000000;	624;	0.624000;	0;	0.000000;	15;	0.015000;	0;	0.000000;	1131;	1.131000;	0;	0.000000;	3504;	3.504000;	0;	0.000000;	35;	0.035000;	0;	0.000000;	6928;	6.928000;	92;	0.092000;	0;	0.000000;	13374;	13.374000;	1;	0.001000;	20926;	20.926000;	0;	0.000000;	179;	0.179000;	
