nome file;	10.max;;	1000.max;;	100000.max;;	12250.max;;	160.max;;	16000.max;;	20.max;;	2250.max;;	250.max;;	25000.max;;	360.max;;	36000.max;;	40.max;;	4000.max;;	490.max;;	49000.max;;	6250.max;;	640.max;;	64000.max;;	810.max;;	81000.max;;	90.max;;	9000.max;;	
numero di nodi;	10;;	1000;;	100000;;	12250;;	160;;	16000;;	160;;	2250;;	250;;	25000;;	360;;	36000;;	40;;	4000;;	490;;	49000;;	6250;;	640;;	64000;;	810;;	81000;;	90;;	9000;;	
numero di archi;	7;;	4494;;	485994;;	58619;;	618;;	76794;;	618;;	10419;;	1019;;	120494;;	1518;;	173994;;	110;;	18794;;	2115;;	237294;;	29619;;	2810;;	310394;;	3603;;	393294;;	315;;	42894;;	
dimensione del file (Kbytes);	1;;	128;;	13764;;	1661;;	18;;	2176;;	18;;	296;;	30;;	3413;;	44;;	4928;;	4;;	533;;	61;;	6721;;	840;;	80;;	8791;;	103;;	11139;;	10;;	1216;;	
dimensione del file (Mbytes);	0.000977;;	0.125000;;	13.441406;;	1.622070;;	0.017578;;	2.125000;;	0.017578;;	0.289062;;	0.029297;;	3.333008;;	0.042969;;	4.812500;;	0.003906;;	0.520508;;	0.059570;;	6.563477;;	0.820312;;	0.078125;;	8.584961;;	0.100586;;	10.877930;;	0.009766;;	1.187500;;	
[descrizione del dataset]
ALGORITMO;Tempi di esecuzione (ms); Tempi di esecuzione (s);Tempi di esecuzione (ms); Tempi di esecuzione (s);Tempi di esecuzione (ms); Tempi di esecuzione (s);Tempi di esecuzione (ms); Tempi di esecuzione (s);Tempi di esecuzione (ms); Tempi di esecuzione (s);Tempi di esecuzione (ms); Tempi di esecuzione (s);Tempi di esecuzione (ms); Tempi di esecuzione (s);Tempi di esecuzione (ms); Tempi di esecuzione (s);Tempi di esecuzione (ms); Tempi di esecuzione (s);Tempi di esecuzione (ms); Tempi di esecuzione (s);Tempi di esecuzione (ms); Tempi di esecuzione (s);Tempi di esecuzione (ms); Tempi di esecuzione (s);Tempi di esecuzione (ms); Tempi di esecuzione (s);Tempi di esecuzione (ms); Tempi di esecuzione (s);Tempi di esecuzione (ms); Tempi di esecuzione (s);Tempi di esecuzione (ms); Tempi di esecuzione (s);Tempi di esecuzione (ms); Tempi di esecuzione (s);Tempi di esecuzione (ms); Tempi di esecuzione (s);Tempi di esecuzione (ms); Tempi di esecuzione (s);Tempi di esecuzione (ms); Tempi di esecuzione (s);Tempi di esecuzione (ms); Tempi di esecuzione (s);Tempi di esecuzione (ms); Tempi di esecuzione (s);Tempi di esecuzione (ms); Tempi di esecuzione (s);
Edmond_Karps;	0;	0.000000;	13;	0.013000;	378909;	378.909000;	2930;	2.930000;	0;	0.000000;	5097;	5.097000;	0;	0.000000;	77;	0.077000;	0;	0.000000;	13688;	13.688000;	1;	0.001000;	28489;	28.489000;	0;	0.000000;	237;	0.237000;	3;	0.003000;	57954;	57.954000;	681;	0.681000;	4;	0.004000;	122949;	122.949000;	8;	0.008000;	220173;	220.173000;	0;	0.000000;	1437;	1.437000;	
Dinic;	0;	0.000000;	6;	0.006000;	7836;	7.836000;	192;	0.192000;	0;	0.000000;	283;	0.283000;	0;	0.000000;	13;	0.013000;	0;	0.000000;	434;	0.434000;	0;	0.000000;	894;	0.894000;	0;	0.000000;	26;	0.026000;	0;	0.000000;	1710;	1.710000;	59;	0.059000;	1;	0.001000;	3220;	3.220000;	2;	0.002000;	4447;	4.447000;	0;	0.000000;	111;	0.111000;	
Push_Relabel_FIFO;	0;	0.000000;	0;	0.000000;	1064;	1.064000;	27;	0.027000;	0;	0.000000;	45;	0.045000;	0;	0.000000;	2;	0.002000;	0;	0.000000;	71;	0.071000;	0;	0.000000;	191;	0.191000;	0;	0.000000;	4;	0.004000;	0;	0.000000;	292;	0.292000;	9;	0.009000;	0;	0.000000;	573;	0.573000;	0;	0.000000;	727;	0.727000;	0;	0.000000;	16;	0.016000;	
Push_Relabel_Highest;	0;	0.000000;	0;	0.000000;	435;	0.435000;	18;	0.018000;	0;	0.000000;	22;	0.022000;	0;	0.000000;	1;	0.001000;	0;	0.000000;	42;	0.042000;	0;	0.000000;	80;	0.080000;	0;	0.000000;	3;	0.003000;	0;	0.000000;	129;	0.129000;	6;	0.006000;	0;	0.000000;	218;	0.218000;	0;	0.000000;	310;	0.310000;	0;	0.000000;	10;	0.010000;	
Ahuja_Orlin;	10;	0.010000;	1;	0.001000;	1353;	1.353000;	40;	0.040000;	0;	0.000000;	59;	0.059000;	0;	0.000000;	3;	0.003000;	0;	0.000000;	104;	0.104000;	0;	0.000000;	207;	0.207000;	0;	0.000000;	8;	0.008000;	0;	0.000000;	386;	0.386000;	15;	0.015000;	0;	0.000000;	660;	0.660000;	0;	0.000000;	895;	0.895000;	0;	0.000000;	24;	0.024000;	
Push_Relabel_Parallel_2_Processes;	0;	0.000000;	12;	0.012000;	4792;	4.792000;	269;	0.269000;	1;	0.001000;	362;	0.362000;	2;	0.002000;	23;	0.023000;	2;	0.002000;	385;	0.385000;	3;	0.003000;	980;	0.980000;	0;	0.000000;	36;	0.036000;	3;	0.003000;	1458;	1.458000;	90;	0.090000;	4;	0.004000;	2311;	2.311000;	8;	0.008000;	2785;	2.785000;	0;	0.000000;	152;	0.152000;	
Push_Relabel_Segment_Parallel_2_processes;	0;	0.000000;	2;	0.002000;	708;	0.708000;	38;	0.038000;	0;	0.000000;	48;	0.048000;	0;	0.000000;	6;	0.006000;	0;	0.000000;	72;	0.072000;	0;	0.000000;	155;	0.155000;	0;	0.000000;	11;	0.011000;	1;	0.001000;	217;	0.217000;	16;	0.016000;	1;	0.001000;	365;	0.365000;	1;	0.001000;	464;	0.464000;	0;	0.000000;	27;	0.027000;	
Ahuja_Orlin_Parallel_2_processes;	0;	0.000000;	3;	0.003000;	1409;	1.409000;	73;	0.073000;	0;	0.000000;	108;	0.108000;	0;	0.000000;	8;	0.008000;	0;	0.000000;	136;	0.136000;	1;	0.001000;	266;	0.266000;	0;	0.000000;	13;	0.013000;	1;	0.001000;	447;	0.447000;	21;	0.021000;	1;	0.001000;	689;	0.689000;	1;	0.001000;	947;	0.947000;	0;	0.000000;	39;	0.039000;	
Push_Relabel_Parallel_4_Processes;	0;	0.000000;	17;	0.017000;	5113;	5.113000;	305;	0.305000;	2;	0.002000;	382;	0.382000;	2;	0.002000;	27;	0.027000;	3;	0.003000;	388;	0.388000;	3;	0.003000;	1043;	1.043000;	0;	0.000000;	38;	0.038000;	4;	0.004000;	1557;	1.557000;	91;	0.091000;	4;	0.004000;	2452;	2.452000;	9;	0.009000;	2949;	2.949000;	0;	0.000000;	161;	0.161000;	
Push_Relabel_Segment_Parallel_4_processes;	0;	0.000000;	3;	0.003000;	744;	0.744000;	37;	0.037000;	0;	0.000000;	47;	0.047000;	0;	0.000000;	10;	0.010000;	0;	0.000000;	86;	0.086000;	1;	0.001000;	180;	0.180000;	0;	0.000000;	14;	0.014000;	1;	0.001000;	229;	0.229000;	15;	0.015000;	1;	0.001000;	372;	0.372000;	3;	0.003000;	542;	0.542000;	0;	0.000000;	26;	0.026000;	
Ahuja_Orlin_Parallel_4_processes;	0;	0.000000;	3;	0.003000;	1316;	1.316000;	71;	0.071000;	0;	0.000000;	106;	0.106000;	0;	0.000000;	9;	0.009000;	1;	0.001000;	151;	0.151000;	1;	0.001000;	260;	0.260000;	0;	0.000000;	13;	0.013000;	1;	0.001000;	440;	0.440000;	26;	0.026000;	1;	0.001000;	702;	0.702000;	2;	0.002000;	953;	0.953000;	0;	0.000000;	44;	0.044000;	
Push_Relabel_Parallel_8_Processes;	4;	0.004000;	22;	0.022000;	7154;	7.154000;	379;	0.379000;	2;	0.002000;	716;	0.716000;	4;	0.004000;	28;	0.028000;	3;	0.003000;	446;	0.446000;	5;	0.005000;	1524;	1.524000;	0;	0.000000;	46;	0.046000;	5;	0.005000;	2023;	2.023000;	315;	0.315000;	8;	0.008000;	3383;	3.383000;	12;	0.012000;	3987;	3.987000;	64;	0.064000;	176;	0.176000;	
Push_Relabel_Segment_Parallel_8_processes;	0;	0.000000;	8;	0.008000;	1055;	1.055000;	93;	0.093000;	0;	0.000000;	66;	0.066000;	0;	0.000000;	12;	0.012000;	1;	0.001000;	337;	0.337000;	3;	0.003000;	245;	0.245000;	0;	0.000000;	18;	0.018000;	2;	0.002000;	243;	0.243000;	22;	0.022000;	4;	0.004000;	490;	0.490000;	6;	0.006000;	816;	0.816000;	0;	0.000000;	37;	0.037000;	
Ahuja_Orlin_Parallel_8_processes;	0;	0.000000;	7;	0.007000;	1917;	1.917000;	85;	0.085000;	0;	0.000000;	375;	0.375000;	0;	0.000000;	14;	0.014000;	2;	0.002000;	166;	0.166000;	6;	0.006000;	315;	0.315000;	0;	0.000000;	18;	0.018000;	4;	0.004000;	549;	0.549000;	91;	0.091000;	3;	0.003000;	1116;	1.116000;	5;	0.005000;	1228;	1.228000;	31;	0.031000;	87;	0.087000;	
Push_Relabel_Parallel_16_Processes;	2;	0.002000;	244;	0.244000;	70864;	70.864000;	4469;	4.469000;	32;	0.032000;	5541;	5.541000;	31;	0.031000;	338;	0.338000;	39;	0.039000;	5060;	5.060000;	50;	0.050000;	13458;	13.458000;	6;	0.006000;	519;	0.519000;	64;	0.064000;	19292;	19.292000;	1240;	1.240000;	70;	0.070000;	30683;	30.683000;	135;	0.135000;	35744;	35.744000;	10;	0.010000;	2244;	2.244000;	
Push_Relabel_Segment_Parallel_16_processes;	1;	0.001000;	51;	0.051000;	3414;	3.414000;	327;	0.327000;	6;	0.006000;	410;	0.410000;	7;	0.007000;	88;	0.088000;	14;	0.014000;	501;	0.501000;	17;	0.017000;	1071;	1.071000;	1;	0.001000;	115;	0.115000;	19;	0.019000;	927;	0.927000;	125;	0.125000;	16;	0.016000;	2266;	2.266000;	31;	0.031000;	2294;	2.294000;	2;	0.002000;	239;	0.239000;	
Ahuja_Orlin_Parallel_16_processes;	1;	0.001000;	35;	0.035000;	4408;	4.408000;	465;	0.465000;	6;	0.006000;	665;	0.665000;	6;	0.006000;	80;	0.080000;	9;	0.009000;	739;	0.739000;	16;	0.016000;	1106;	1.106000;	1;	0.001000;	104;	0.104000;	20;	0.020000;	1892;	1.892000;	159;	0.159000;	17;	0.017000;	2862;	2.862000;	26;	0.026000;	3297;	3.297000;	3;	0.003000;	291;	0.291000;	
Hochbaum_highest_label_fifo;	0;	0.000000;	0;	0.000000;	203;	0.203000;	0;	0.000000;	0;	0.000000;	16;	0.016000;	0;	0.000000;	0;	0.000000;	0;	0.000000;	16;	0.016000;	0;	0.000000;	47;	0.047000;	0;	0.000000;	0;	0.000000;	0;	0.000000;	62;	0.062000;	0;	0.000000;	0;	0.000000;	109;	0.109000;	0;	0.000000;	125;	0.125000;	0;	0.000000;	0;	0.000000;	
Hochbaum_highest_label_lifo;	0;	0.000000;	0;	0.000000;	344;	0.344000;	16;	0.016000;	0;	0.000000;	16;	0.016000;	0;	0.000000;	0;	0.000000;	0;	0.000000;	47;	0.047000;	0;	0.000000;	78;	0.078000;	0;	0.000000;	0;	0.000000;	0;	0.000000;	94;	0.094000;	0;	0.000000;	0;	0.000000;	375;	0.375000;	0;	0.000000;	297;	0.297000;	0;	0.000000;	16;	0.016000;	
Hochbaum__lowest_label_fifo;	0;	0.000000;	0;	0.000000;	672;	0.672000;	31;	0.031000;	0;	0.000000;	31;	0.031000;	0;	0.000000;	0;	0.000000;	0;	0.000000;	47;	0.047000;	0;	0.000000;	125;	0.125000;	0;	0.000000;	0;	0.000000;	0;	0.000000;	219;	0.219000;	0;	0.000000;	0;	0.000000;	328;	0.328000;	0;	0.000000;	453;	0.453000;	0;	0.000000;	16;	0.016000;	
Hochbaum__lowest_label_lifo;	0;	0.000000;	0;	0.000000;	2266;	2.266000;	47;	0.047000;	0;	0.000000;	47;	0.047000;	0;	0.000000;	0;	0.000000;	0;	0.000000;	125;	0.125000;	0;	0.000000;	328;	0.328000;	0;	0.000000;	0;	0.000000;	0;	0.000000;	844;	0.844000;	0;	0.000000;	0;	0.000000;	750;	0.750000;	0;	0.000000;	1938;	1.938000;	0;	0.000000;	31;	0.031000;	
boykov_kolmogorov;	0;	0.000000;	3;	0.003000;	32281;	32.281000;	431;	0.431000;	0;	0.000000;	672;	0.672000;	0;	0.000000;	14;	0.014000;	0;	0.000000;	1168;	1.168000;	0;	0.000000;	3471;	3.471000;	0;	0.000000;	36;	0.036000;	0;	0.000000;	7085;	7.085000;	86;	0.086000;	0;	0.000000;	12936;	12.936000;	1;	0.001000;	20741;	20.741000;	0;	0.000000;	179;	0.179000;	
