nome file;	10.max;;	1000.max;;	100000.max;;	12250.max;;	160.max;;	16000.max;;	20.max;;	2250.max;;	250.max;;	25000.max;;	360.max;;	36000.max;;	40.max;;	4000.max;;	490.max;;	49000.max;;	6250.max;;	640.max;;	64000.max;;	810.max;;	81000.max;;	90.max;;	9000.max;;	
numero di nodi;	10;;	1000;;	100000;;	12250;;	160;;	16000;;	160;;	2250;;	250;;	25000;;	360;;	36000;;	40;;	4000;;	490;;	49000;;	6250;;	640;;	64000;;	810;;	81000;;	90;;	9000;;	
numero di archi;	7;;	4494;;	485994;;	58619;;	618;;	76794;;	618;;	10419;;	1019;;	120494;;	1518;;	173994;;	110;;	18794;;	2115;;	237294;;	29619;;	2810;;	310394;;	3603;;	393294;;	315;;	42894;;	
dimensione del file (Kbytes);	1;;	128;;	13764;;	1661;;	18;;	2176;;	18;;	296;;	30;;	3413;;	44;;	4928;;	4;;	533;;	61;;	6721;;	840;;	80;;	8791;;	103;;	11139;;	10;;	1216;;	
dimensione del file (Mbytes);	0.000977;;	0.125000;;	13.441406;;	1.622070;;	0.017578;;	2.125000;;	0.017578;;	0.289062;;	0.029297;;	3.333008;;	0.042969;;	4.812500;;	0.003906;;	0.520508;;	0.059570;;	6.563477;;	0.820312;;	0.078125;;	8.584961;;	0.100586;;	10.877930;;	0.009766;;	1.187500;;	
[descrizione del dataset]
ALGORITMO;Tempi di esecuzione (ms); Tempi di esecuzione (s);Tempi di esecuzione (ms); Tempi di esecuzione (s);Tempi di esecuzione (ms); Tempi di esecuzione (s);Tempi di esecuzione (ms); Tempi di esecuzione (s);Tempi di esecuzione (ms); Tempi di esecuzione (s);Tempi di esecuzione (ms); Tempi di esecuzione (s);Tempi di esecuzione (ms); Tempi di esecuzione (s);Tempi di esecuzione (ms); Tempi di esecuzione (s);Tempi di esecuzione (ms); Tempi di esecuzione (s);Tempi di esecuzione (ms); Tempi di esecuzione (s);Tempi di esecuzione (ms); Tempi di esecuzione (s);Tempi di esecuzione (ms); Tempi di esecuzione (s);Tempi di esecuzione (ms); Tempi di esecuzione (s);Tempi di esecuzione (ms); Tempi di esecuzione (s);Tempi di esecuzione (ms); Tempi di esecuzione (s);Tempi di esecuzione (ms); Tempi di esecuzione (s);Tempi di esecuzione (ms); Tempi di esecuzione (s);Tempi di esecuzione (ms); Tempi di esecuzione (s);Tempi di esecuzione (ms); Tempi di esecuzione (s);Tempi di esecuzione (ms); Tempi di esecuzione (s);Tempi di esecuzione (ms); Tempi di esecuzione (s);Tempi di esecuzione (ms); Tempi di esecuzione (s);Tempi di esecuzione (ms); Tempi di esecuzione (s);
Edmond_Karps;	0;	0.000000;	13;	0.013000;	357847;	357.847000;	2804;	2.804000;	0;	0.000000;	5151;	5.151000;	0;	0.000000;	80;	0.080000;	0;	0.000000;	12734;	12.734000;	1;	0.001000;	28296;	28.296000;	0;	0.000000;	252;	0.252000;	2;	0.002000;	58162;	58.162000;	680;	0.680000;	5;	0.005000;	119509;	119.509000;	8;	0.008000;	217894;	217.894000;	0;	0.000000;	1431;	1.431000;	
Dinic;	0;	0.000000;	4;	0.004000;	7817;	7.817000;	186;	0.186000;	0;	0.000000;	275;	0.275000;	0;	0.000000;	12;	0.012000;	0;	0.000000;	441;	0.441000;	0;	0.000000;	918;	0.918000;	0;	0.000000;	25;	0.025000;	0;	0.000000;	1665;	1.665000;	56;	0.056000;	1;	0.001000;	3152;	3.152000;	2;	0.002000;	4287;	4.287000;	0;	0.000000;	112;	0.112000;	
Push_Relabel_FIFO;	0;	0.000000;	0;	0.000000;	1044;	1.044000;	28;	0.028000;	0;	0.000000;	48;	0.048000;	0;	0.000000;	1;	0.001000;	0;	0.000000;	79;	0.079000;	0;	0.000000;	190;	0.190000;	0;	0.000000;	4;	0.004000;	0;	0.000000;	293;	0.293000;	9;	0.009000;	0;	0.000000;	590;	0.590000;	0;	0.000000;	706;	0.706000;	0;	0.000000;	16;	0.016000;	
Push_Relabel_Highest;	0;	0.000000;	0;	0.000000;	433;	0.433000;	16;	0.016000;	0;	0.000000;	22;	0.022000;	0;	0.000000;	2;	0.002000;	0;	0.000000;	41;	0.041000;	0;	0.000000;	85;	0.085000;	0;	0.000000;	4;	0.004000;	0;	0.000000;	119;	0.119000;	5;	0.005000;	0;	0.000000;	218;	0.218000;	0;	0.000000;	310;	0.310000;	0;	0.000000;	9;	0.009000;	
Ahuja_Orlin;	0;	0.000000;	0;	0.000000;	1343;	1.343000;	38;	0.038000;	0;	0.000000;	58;	0.058000;	0;	0.000000;	3;	0.003000;	0;	0.000000;	101;	0.101000;	0;	0.000000;	210;	0.210000;	0;	0.000000;	8;	0.008000;	0;	0.000000;	381;	0.381000;	14;	0.014000;	0;	0.000000;	628;	0.628000;	0;	0.000000;	881;	0.881000;	0;	0.000000;	24;	0.024000;	
Push_Relabel_Parallel_2_Processes;	0;	0.000000;	17;	0.017000;	4774;	4.774000;	259;	0.259000;	2;	0.002000;	352;	0.352000;	1;	0.001000;	24;	0.024000;	2;	0.002000;	368;	0.368000;	3;	0.003000;	933;	0.933000;	0;	0.000000;	36;	0.036000;	3;	0.003000;	1447;	1.447000;	87;	0.087000;	4;	0.004000;	2304;	2.304000;	9;	0.009000;	2747;	2.747000;	0;	0.000000;	144;	0.144000;	
Push_Relabel_Segment_Parallel_2_processes;	0;	0.000000;	3;	0.003000;	761;	0.761000;	61;	0.061000;	0;	0.000000;	85;	0.085000;	1;	0.001000;	12;	0.012000;	0;	0.000000;	175;	0.175000;	1;	0.001000;	204;	0.204000;	0;	0.000000;	13;	0.013000;	1;	0.001000;	291;	0.291000;	16;	0.016000;	1;	0.001000;	493;	0.493000;	2;	0.002000;	512;	0.512000;	0;	0.000000;	24;	0.024000;	
Ahuja_Orlin_Parallel_2_processes;	0;	0.000000;	2;	0.002000;	1424;	1.424000;	69;	0.069000;	0;	0.000000;	99;	0.099000;	0;	0.000000;	9;	0.009000;	0;	0.000000;	139;	0.139000;	1;	0.001000;	262;	0.262000;	0;	0.000000;	14;	0.014000;	1;	0.001000;	451;	0.451000;	24;	0.024000;	1;	0.001000;	706;	0.706000;	1;	0.001000;	937;	0.937000;	0;	0.000000;	36;	0.036000;	
Push_Relabel_Parallel_4_Processes;	0;	0.000000;	20;	0.020000;	5143;	5.143000;	303;	0.303000;	2;	0.002000;	423;	0.423000;	2;	0.002000;	24;	0.024000;	3;	0.003000;	370;	0.370000;	3;	0.003000;	1032;	1.032000;	0;	0.000000;	35;	0.035000;	3;	0.003000;	1568;	1.568000;	91;	0.091000;	5;	0.005000;	2458;	2.458000;	10;	0.010000;	2961;	2.961000;	0;	0.000000;	162;	0.162000;	
Push_Relabel_Segment_Parallel_4_processes;	0;	0.000000;	3;	0.003000;	744;	0.744000;	44;	0.044000;	0;	0.000000;	50;	0.050000;	0;	0.000000;	9;	0.009000;	1;	0.001000;	83;	0.083000;	1;	0.001000;	192;	0.192000;	0;	0.000000;	13;	0.013000;	1;	0.001000;	216;	0.216000;	15;	0.015000;	1;	0.001000;	408;	0.408000;	2;	0.002000;	523;	0.523000;	0;	0.000000;	31;	0.031000;	
Ahuja_Orlin_Parallel_4_processes;	0;	0.000000;	4;	0.004000;	1324;	1.324000;	84;	0.084000;	0;	0.000000;	103;	0.103000;	0;	0.000000;	12;	0.012000;	1;	0.001000;	138;	0.138000;	1;	0.001000;	281;	0.281000;	0;	0.000000;	14;	0.014000;	2;	0.002000;	453;	0.453000;	25;	0.025000;	1;	0.001000;	727;	0.727000;	2;	0.002000;	940;	0.940000;	0;	0.000000;	44;	0.044000;	
Push_Relabel_Parallel_8_Processes;	0;	0.000000;	19;	0.019000;	7145;	7.145000;	378;	0.378000;	3;	0.003000;	714;	0.714000;	3;	0.003000;	31;	0.031000;	3;	0.003000;	474;	0.474000;	7;	0.007000;	1597;	1.597000;	0;	0.000000;	42;	0.042000;	7;	0.007000;	2016;	2.016000;	323;	0.323000;	8;	0.008000;	3401;	3.401000;	12;	0.012000;	4139;	4.139000;	1;	0.001000;	167;	0.167000;	
Push_Relabel_Segment_Parallel_8_processes;	0;	0.000000;	6;	0.006000;	1022;	1.022000;	54;	0.054000;	0;	0.000000;	195;	0.195000;	0;	0.000000;	11;	0.011000;	2;	0.002000;	95;	0.095000;	2;	0.002000;	227;	0.227000;	0;	0.000000;	17;	0.017000;	3;	0.003000;	421;	0.421000;	49;	0.049000;	3;	0.003000;	480;	0.480000;	5;	0.005000;	889;	0.889000;	0;	0.000000;	49;	0.049000;	
Ahuja_Orlin_Parallel_8_processes;	0;	0.000000;	7;	0.007000;	1939;	1.939000;	151;	0.151000;	0;	0.000000;	136;	0.136000;	0;	0.000000;	14;	0.014000;	1;	0.001000;	695;	0.695000;	2;	0.002000;	305;	0.305000;	0;	0.000000;	31;	0.031000;	3;	0.003000;	749;	0.749000;	34;	0.034000;	6;	0.006000;	1050;	1.050000;	7;	0.007000;	1384;	1.384000;	0;	0.000000;	60;	0.060000;	
Push_Relabel_Parallel_16_Processes;	2;	0.002000;	220;	0.220000;	62868;	62.868000;	4122;	4.122000;	34;	0.034000;	5549;	5.549000;	40;	0.040000;	341;	0.341000;	35;	0.035000;	5090;	5.090000;	50;	0.050000;	13566;	13.566000;	5;	0.005000;	524;	0.524000;	69;	0.069000;	19842;	19.842000;	1273;	1.273000;	71;	0.071000;	31019;	31.019000;	144;	0.144000;	37000;	37.000000;	13;	0.013000;	2223;	2.223000;	
Push_Relabel_Segment_Parallel_16_processes;	1;	0.001000;	48;	0.048000;	3045;	3.045000;	289;	0.289000;	6;	0.006000;	343;	0.343000;	6;	0.006000;	78;	0.078000;	10;	0.010000;	600;	0.600000;	16;	0.016000;	1026;	1.026000;	2;	0.002000;	135;	0.135000;	18;	0.018000;	1060;	1.060000;	135;	0.135000;	23;	0.023000;	2128;	2.128000;	29;	0.029000;	1942;	1.942000;	3;	0.003000;	248;	0.248000;	
Ahuja_Orlin_Parallel_16_processes;	1;	0.001000;	36;	0.036000;	4249;	4.249000;	484;	0.484000;	7;	0.007000;	606;	0.606000;	6;	0.006000;	82;	0.082000;	12;	0.012000;	760;	0.760000;	19;	0.019000;	1102;	1.102000;	1;	0.001000;	90;	0.090000;	21;	0.021000;	1841;	1.841000;	165;	0.165000;	16;	0.016000;	2697;	2.697000;	30;	0.030000;	3017;	3.017000;	5;	0.005000;	314;	0.314000;	
Hochbaum_highest_label_fifo;	0;	0.000000;	0;	0.000000;	219;	0.219000;	16;	0.016000;	0;	0.000000;	16;	0.016000;	0;	0.000000;	0;	0.000000;	0;	0.000000;	16;	0.016000;	0;	0.000000;	47;	0.047000;	0;	0.000000;	16;	0.016000;	0;	0.000000;	62;	0.062000;	16;	0.016000;	0;	0.000000;	109;	0.109000;	0;	0.000000;	141;	0.141000;	0;	0.000000;	0;	0.000000;	
Hochbaum_highest_label_lifo;	0;	0.000000;	16;	0.016000;	328;	0.328000;	16;	0.016000;	0;	0.000000;	16;	0.016000;	0;	0.000000;	0;	0.000000;	0;	0.000000;	47;	0.047000;	0;	0.000000;	62;	0.062000;	0;	0.000000;	0;	0.000000;	0;	0.000000;	94;	0.094000;	0;	0.000000;	0;	0.000000;	391;	0.391000;	0;	0.000000;	312;	0.312000;	0;	0.000000;	0;	0.000000;	
Hochbaum__lowest_label_fifo;	0;	0.000000;	0;	0.000000;	672;	0.672000;	16;	0.016000;	0;	0.000000;	31;	0.031000;	0;	0.000000;	0;	0.000000;	0;	0.000000;	62;	0.062000;	0;	0.000000;	109;	0.109000;	0;	0.000000;	0;	0.000000;	0;	0.000000;	219;	0.219000;	16;	0.016000;	0;	0.000000;	344;	0.344000;	0;	0.000000;	484;	0.484000;	0;	0.000000;	16;	0.016000;	
Hochbaum__lowest_label_lifo;	0;	0.000000;	0;	0.000000;	2203;	2.203000;	47;	0.047000;	0;	0.000000;	47;	0.047000;	0;	0.000000;	16;	0.016000;	0;	0.000000;	125;	0.125000;	0;	0.000000;	328;	0.328000;	0;	0.000000;	0;	0.000000;	0;	0.000000;	797;	0.797000;	16;	0.016000;	0;	0.000000;	766;	0.766000;	0;	0.000000;	1906;	1.906000;	0;	0.000000;	16;	0.016000;	
boykov_kolmogorov;	0;	0.000000;	3;	0.003000;	32860;	32.860000;	376;	0.376000;	0;	0.000000;	621;	0.621000;	0;	0.000000;	17;	0.017000;	0;	0.000000;	1189;	1.189000;	0;	0.000000;	3535;	3.535000;	0;	0.000000;	38;	0.038000;	0;	0.000000;	6807;	6.807000;	83;	0.083000;	0;	0.000000;	13067;	13.067000;	1;	0.001000;	20766;	20.766000;	0;	0.000000;	174;	0.174000;	
