nome file;	100000.max;;	1000.max;;	10.max;;	12250.max;;	16000.max;;	160.max;;	20.max;;	2250.max;;	25000.max;;	250.max;;	36000.max;;	360.max;;	4000.max;;	40.max;;	49000.max;;	490.max;;	6250.max;;	64000.max;;	640.max;;	81000.max;;	810.max;;	9000.max;;	90.max;;	
numero di nodi;	100000;;	1000;;	10;;	12250;;	16000;;	160;;	160;;	2250;;	25000;;	250;;	36000;;	360;;	4000;;	40;;	49000;;	490;;	6250;;	64000;;	640;;	81000;;	810;;	9000;;	90;;	
numero di archi;	485994;;	4494;;	7;;	58619;;	76794;;	618;;	618;;	10419;;	120494;;	1019;;	173994;;	1518;;	18794;;	110;;	237294;;	2115;;	29619;;	310394;;	2810;;	393294;;	3603;;	42894;;	315;;	
dimensione del file (Kbytes);	13764;;	128;;	1;;	1661;;	2176;;	18;;	18;;	296;;	3413;;	30;;	4928;;	44;;	533;;	4;;	6721;;	61;;	840;;	8791;;	80;;	11139;;	103;;	1216;;	10;;	
dimensione del file (Mbytes);	13.441406;;	0.125000;;	0.000977;;	1.622070;;	2.125000;;	0.017578;;	0.017578;;	0.289062;;	3.333008;;	0.029297;;	4.812500;;	0.042969;;	0.520508;;	0.003906;;	6.563477;;	0.059570;;	0.820312;;	8.584961;;	0.078125;;	10.877930;;	0.100586;;	1.187500;;	0.009766;;	
[descrizione del dataset]
ALGORITMO;Tempi di esecuzione (ms); Tempi di esecuzione (s);Tempi di esecuzione (ms); Tempi di esecuzione (s);Tempi di esecuzione (ms); Tempi di esecuzione (s);Tempi di esecuzione (ms); Tempi di esecuzione (s);Tempi di esecuzione (ms); Tempi di esecuzione (s);Tempi di esecuzione (ms); Tempi di esecuzione (s);Tempi di esecuzione (ms); Tempi di esecuzione (s);Tempi di esecuzione (ms); Tempi di esecuzione (s);Tempi di esecuzione (ms); Tempi di esecuzione (s);Tempi di esecuzione (ms); Tempi di esecuzione (s);Tempi di esecuzione (ms); Tempi di esecuzione (s);Tempi di esecuzione (ms); Tempi di esecuzione (s);Tempi di esecuzione (ms); Tempi di esecuzione (s);Tempi di esecuzione (ms); Tempi di esecuzione (s);Tempi di esecuzione (ms); Tempi di esecuzione (s);Tempi di esecuzione (ms); Tempi di esecuzione (s);Tempi di esecuzione (ms); Tempi di esecuzione (s);Tempi di esecuzione (ms); Tempi di esecuzione (s);Tempi di esecuzione (ms); Tempi di esecuzione (s);Tempi di esecuzione (ms); Tempi di esecuzione (s);Tempi di esecuzione (ms); Tempi di esecuzione (s);Tempi di esecuzione (ms); Tempi di esecuzione (s);Tempi di esecuzione (ms); Tempi di esecuzione (s);
Edmond_Karps;	450316;	450.316000;	17;	0.017000;	0;	0.000000;	4002;	4.002000;	7138;	7.138000;	0;	0.000000;	0;	0.000000;	99;	0.099000;	17667;	17.667000;	0;	0.000000;	40430;	40.430000;	1;	0.001000;	338;	0.338000;	0;	0.000000;	80218;	80.218000;	3;	0.003000;	922;	0.922000;	145601;	145.601000;	5;	0.005000;	253870;	253.870000;	10;	0.010000;	2054;	2.054000;	0;	0.000000;	
Dinic;	8533;	8.533000;	4;	0.004000;	0;	0.000000;	258;	0.258000;	399;	0.399000;	0;	0.000000;	0;	0.000000;	15;	0.015000;	640;	0.640000;	0;	0.000000;	1308;	1.308000;	0;	0.000000;	32;	0.032000;	0;	0.000000;	2408;	2.408000;	1;	0.001000;	72;	0.072000;	4082;	4.082000;	1;	0.001000;	5149;	5.149000;	2;	0.002000;	142;	0.142000;	0;	0.000000;	
Push_Relabel_FIFO;	1824;	1.824000;	0;	0.000000;	0;	0.000000;	41;	0.041000;	75;	0.075000;	0;	0.000000;	0;	0.000000;	2;	0.002000;	128;	0.128000;	0;	0.000000;	327;	0.327000;	0;	0.000000;	6;	0.006000;	0;	0.000000;	511;	0.511000;	0;	0.000000;	12;	0.012000;	955;	0.955000;	0;	0.000000;	1187;	1.187000;	0;	0.000000;	24;	0.024000;	0;	0.000000;	
Push_Relabel_Highest;	681;	0.681000;	0;	0.000000;	0;	0.000000;	26;	0.026000;	35;	0.035000;	0;	0.000000;	0;	0.000000;	2;	0.002000;	66;	0.066000;	0;	0.000000;	127;	0.127000;	0;	0.000000;	5;	0.005000;	0;	0.000000;	190;	0.190000;	0;	0.000000;	8;	0.008000;	309;	0.309000;	0;	0.000000;	474;	0.474000;	0;	0.000000;	14;	0.014000;	0;	0.000000;	
Ahuja_Orlin;	2143;	2.143000;	1;	0.001000;	0;	0.000000;	63;	0.063000;	99;	0.099000;	0;	0.000000;	0;	0.000000;	5;	0.005000;	161;	0.161000;	0;	0.000000;	353;	0.353000;	0;	0.000000;	10;	0.010000;	0;	0.000000;	600;	0.600000;	0;	0.000000;	21;	0.021000;	980;	0.980000;	0;	0.000000;	1360;	1.360000;	0;	0.000000;	38;	0.038000;	0;	0.000000;	
Push_Relabel_Parallel_2_Processes;	9508;	9.508000;	17;	0.017000;	0;	0.000000;	408;	0.408000;	589;	0.589000;	2;	0.002000;	2;	0.002000;	28;	0.028000;	686;	0.686000;	2;	0.002000;	1767;	1.767000;	3;	0.003000;	49;	0.049000;	0;	0.000000;	2637;	2.637000;	4;	0.004000;	114;	0.114000;	4228;	4.228000;	5;	0.005000;	5352;	5.352000;	10;	0.010000;	214;	0.214000;	0;	0.000000;	
Push_Relabel_Segment_Parallel_2_processes;	1294;	1.294000;	3;	0.003000;	0;	0.000000;	58;	0.058000;	76;	0.076000;	0;	0.000000;	0;	0.000000;	9;	0.009000;	115;	0.115000;	0;	0.000000;	305;	0.305000;	1;	0.001000;	15;	0.015000;	0;	0.000000;	410;	0.410000;	1;	0.001000;	20;	0.020000;	737;	0.737000;	2;	0.002000;	1044;	1.044000;	3;	0.003000;	33;	0.033000;	0;	0.000000;	
Ahuja_Orlin_Parallel_2_processes;	2775;	2.775000;	3;	0.003000;	0;	0.000000;	92;	0.092000;	206;	0.206000;	0;	0.000000;	0;	0.000000;	10;	0.010000;	224;	0.224000;	1;	0.001000;	399;	0.399000;	1;	0.001000;	17;	0.017000;	0;	0.000000;	742;	0.742000;	1;	0.001000;	30;	0.030000;	1027;	1.027000;	1;	0.001000;	1852;	1.852000;	2;	0.002000;	49;	0.049000;	0;	0.000000;	
Push_Relabel_Parallel_4_Processes;	7403;	7.403000;	18;	0.018000;	0;	0.000000;	378;	0.378000;	550;	0.550000;	2;	0.002000;	2;	0.002000;	26;	0.026000;	629;	0.629000;	3;	0.003000;	1481;	1.481000;	4;	0.004000;	42;	0.042000;	0;	0.000000;	2217;	2.217000;	4;	0.004000;	104;	0.104000;	3326;	3.326000;	5;	0.005000;	4244;	4.244000;	12;	0.012000;	234;	0.234000;	1;	0.001000;	
Push_Relabel_Segment_Parallel_4_processes;	1211;	1.211000;	6;	0.006000;	0;	0.000000;	52;	0.052000;	76;	0.076000;	0;	0.000000;	0;	0.000000;	9;	0.009000;	124;	0.124000;	1;	0.001000;	278;	0.278000;	1;	0.001000;	16;	0.016000;	0;	0.000000;	347;	0.347000;	2;	0.002000;	21;	0.021000;	666;	0.666000;	4;	0.004000;	831;	0.831000;	2;	0.002000;	39;	0.039000;	0;	0.000000;	
Ahuja_Orlin_Parallel_4_processes;	2071;	2.071000;	4;	0.004000;	0;	0.000000;	115;	0.115000;	163;	0.163000;	0;	0.000000;	0;	0.000000;	15;	0.015000;	257;	0.257000;	1;	0.001000;	481;	0.481000;	1;	0.001000;	19;	0.019000;	0;	0.000000;	594;	0.594000;	2;	0.002000;	32;	0.032000;	915;	0.915000;	1;	0.001000;	1390;	1.390000;	3;	0.003000;	58;	0.058000;	0;	0.000000;	
Push_Relabel_Parallel_8_Processes;	7632;	7.632000;	26;	0.026000;	0;	0.000000;	474;	0.474000;	710;	0.710000;	3;	0.003000;	3;	0.003000;	37;	0.037000;	659;	0.659000;	3;	0.003000;	1613;	1.613000;	4;	0.004000;	43;	0.043000;	0;	0.000000;	2599;	2.599000;	5;	0.005000;	137;	0.137000;	3683;	3.683000;	7;	0.007000;	4866;	4.866000;	18;	0.018000;	254;	0.254000;	1;	0.001000;	
Push_Relabel_Segment_Parallel_8_processes;	1232;	1.232000;	6;	0.006000;	0;	0.000000;	69;	0.069000;	76;	0.076000;	0;	0.000000;	0;	0.000000;	17;	0.017000;	196;	0.196000;	2;	0.002000;	214;	0.214000;	2;	0.002000;	20;	0.020000;	0;	0.000000;	316;	0.316000;	3;	0.003000;	22;	0.022000;	606;	0.606000;	5;	0.005000;	894;	0.894000;	5;	0.005000;	55;	0.055000;	0;	0.000000;	
Ahuja_Orlin_Parallel_8_processes;	2036;	2.036000;	7;	0.007000;	0;	0.000000;	125;	0.125000;	160;	0.160000;	0;	0.000000;	0;	0.000000;	16;	0.016000;	220;	0.220000;	2;	0.002000;	514;	0.514000;	7;	0.007000;	26;	0.026000;	0;	0.000000;	812;	0.812000;	4;	0.004000;	44;	0.044000;	1178;	1.178000;	6;	0.006000;	1569;	1.569000;	6;	0.006000;	63;	0.063000;	0;	0.000000;	
Push_Relabel_Parallel_16_Processes;	202416;	202.416000;	819;	0.819000;	10;	0.010000;	13554;	13.554000;	18004;	18.004000;	110;	0.110000;	111;	0.111000;	1110;	1.110000;	16371;	16.371000;	124;	0.124000;	44439;	44.439000;	179;	0.179000;	1687;	1.687000;	22;	0.022000;	64171;	64.171000;	208;	0.208000;	4138;	4.138000;	100545;	100.545000;	243;	0.243000;	115943;	115.943000;	445;	0.445000;	7213;	7.213000;	37;	0.037000;	
Push_Relabel_Segment_Parallel_16_processes;	10699;	10.699000;	137;	0.137000;	4;	0.004000;	973;	0.973000;	1126;	1.126000;	24;	0.024000;	23;	0.023000;	287;	0.287000;	1702;	1.702000;	33;	0.033000;	3871;	3.871000;	43;	0.043000;	435;	0.435000;	7;	0.007000;	3054;	3.054000;	66;	0.066000;	398;	0.398000;	6656;	6.656000;	63;	0.063000;	7044;	7.044000;	87;	0.087000;	743;	0.743000;	9;	0.009000;	
Ahuja_Orlin_Parallel_16_processes;	12721;	12.721000;	78;	0.078000;	4;	0.004000;	1492;	1.492000;	2358;	2.358000;	19;	0.019000;	20;	0.020000;	261;	0.261000;	2406;	2.406000;	27;	0.027000;	3317;	3.317000;	54;	0.054000;	338;	0.338000;	6;	0.006000;	5400;	5.400000;	59;	0.059000;	496;	0.496000;	9088;	9.088000;	41;	0.041000;	9592;	9.592000;	61;	0.061000;	926;	0.926000;	13;	0.013000;	
Hochbaum_highest_label_fifo;	280;	0.280000;	0;	0.000000;	0;	0.000000;	12;	0.012000;	16;	0.016000;	0;	0.000000;	0;	0.000000;	0;	0.000000;	32;	0.032000;	0;	0.000000;	48;	0.048000;	0;	0.000000;	4;	0.004000;	0;	0.000000;	80;	0.080000;	0;	0.000000;	4;	0.004000;	136;	0.136000;	0;	0.000000;	180;	0.180000;	0;	0.000000;	4;	0.004000;	0;	0.000000;	
Hochbaum_highest_label_lifo;	492;	0.492000;	0;	0.000000;	0;	0.000000;	12;	0.012000;	20;	0.020000;	0;	0.000000;	0;	0.000000;	0;	0.000000;	72;	0.072000;	0;	0.000000;	92;	0.092000;	0;	0.000000;	4;	0.004000;	0;	0.000000;	116;	0.116000;	0;	0.000000;	4;	0.004000;	572;	0.572000;	0;	0.000000;	428;	0.428000;	0;	0.000000;	8;	0.008000;	0;	0.000000;	
Hochbaum__lowest_label_fifo;	1004;	1.004000;	0;	0.000000;	0;	0.000000;	28;	0.028000;	44;	0.044000;	0;	0.000000;	0;	0.000000;	0;	0.000000;	88;	0.088000;	0;	0.000000;	164;	0.164000;	0;	0.000000;	4;	0.004000;	0;	0.000000;	292;	0.292000;	0;	0.000000;	8;	0.008000;	448;	0.448000;	0;	0.000000;	684;	0.684000;	0;	0.000000;	16;	0.016000;	0;	0.000000;	
Hochbaum__lowest_label_lifo;	3956;	3.956000;	0;	0.000000;	0;	0.000000;	64;	0.064000;	68;	0.068000;	0;	0.000000;	0;	0.000000;	0;	0.000000;	204;	0.204000;	0;	0.000000;	532;	0.532000;	0;	0.000000;	8;	0.008000;	0;	0.000000;	1352;	1.352000;	0;	0.000000;	16;	0.016000;	1260;	1.260000;	0;	0.000000;	3416;	3.416000;	0;	0.000000;	36;	0.036000;	0;	0.000000;	
boykov_kolmogorov;	48169;	48.169000;	4;	0.004000;	0;	0.000000;	494;	0.494000;	831;	0.831000;	0;	0.000000;	0;	0.000000;	19;	0.019000;	1524;	1.524000;	0;	0.000000;	4579;	4.579000;	0;	0.000000;	44;	0.044000;	0;	0.000000;	8989;	8.989000;	0;	0.000000;	107;	0.107000;	17782;	17.782000;	1;	0.001000;	29833;	29.833000;	2;	0.002000;	225;	0.225000;	0;	0.000000;	
