nome file;	10.max;;	100.max;;	1000.max;;	10000.max;;	100000.max;;	2000.max;;	50.max;;	500.max;;	5000.max;;	50000.max;;	
numero di nodi;	10;;	10000;;	1000;;	10000;;	100000;;	2000;;	500;;	5000;;	5000;;	50000;;	
numero di archi;	7;;	39596;;	4494;;	45894;;	485994;;	9094;;	2194;;	22894;;	22894;;	229894;;	
dimensione del file (Kbytes);	1;;	1122;;	128;;	1301;;	13764;;	258;;	63;;	649;;	649;;	6511;;	
dimensione del file (Mbytes);	0.000977;;	1.095703;;	0.125000;;	1.270508;;	13.441406;;	0.251953;;	0.061523;;	0.633789;;	0.633789;;	6.358398;;	
[descrizione del dataset]
ALGORITMO;Tempi di esecuzione (ms); Tempi di esecuzione (s);Tempi di esecuzione (ms); Tempi di esecuzione (s);Tempi di esecuzione (ms); Tempi di esecuzione (s);Tempi di esecuzione (ms); Tempi di esecuzione (s);Tempi di esecuzione (ms); Tempi di esecuzione (s);Tempi di esecuzione (ms); Tempi di esecuzione (s);Tempi di esecuzione (ms); Tempi di esecuzione (s);Tempi di esecuzione (ms); Tempi di esecuzione (s);Tempi di esecuzione (ms); Tempi di esecuzione (s);Tempi di esecuzione (ms); Tempi di esecuzione (s);
Edmond_Karps;	0;	0.000000;	0;	0.000000;	11;	0.011000;	680;	0.680000;	391332;	391.332000;	61;	0.061000;	3;	0.003000;	301;	0.301000;	297;	0.297000;	6079;	6.079000;	
Dinic;	0;	0.000000;	0;	0.000000;	4;	0.004000;	150;	0.150000;	9974;	9.974000;	13;	0.013000;	1;	0.001000;	39;	0.039000;	39;	0.039000;	2419;	2.419000;	
Push_Relabel_FIFO;	0;	0.000000;	0;	0.000000;	0;	0.000000;	9;	0.009000;	1308;	1.308000;	1;	0.001000;	0;	0.000000;	5;	0.005000;	3;	0.003000;	68;	0.068000;	
Push_Relabel_Highest;	0;	0.000000;	0;	0.000000;	0;	0.000000;	3;	0.003000;	544;	0.544000;	1;	0.001000;	0;	0.000000;	1;	0.001000;	2;	0.002000;	12;	0.012000;	
Ahuja_Orlin;	0;	0.000000;	1;	0.001000;	1;	0.001000;	19;	0.019000;	1717;	1.717000;	2;	0.002000;	0;	0.000000;	5;	0.005000;	7;	0.007000;	215;	0.215000;	
Push_Relabel_Parallel_2_Processes;	0;	0.000000;	5;	0.005000;	19;	0.019000;	21;	0.021000;	5722;	5.722000;	17;	0.017000;	9;	0.009000;	15;	0.015000;	16;	0.016000;	127;	0.127000;	
Push_Relabel_Segment_Parallel_2_processes;	0;	0.000000;	1;	0.001000;	3;	0.003000;	11;	0.011000;	1189;	1.189000;	4;	0.004000;	1;	0.001000;	10;	0.010000;	6;	0.006000;	39;	0.039000;	
Ahuja_Orlin_Parallel_2_processes;	0;	0.000000;	3;	0.003000;	3;	0.003000;	25;	0.025000;	1795;	1.795000;	6;	0.006000;	2;	0.002000;	10;	0.010000;	8;	0.008000;	248;	0.248000;	
Push_Relabel_Parallel_4_Processes;	0;	0.000000;	6;	0.006000;	23;	0.023000;	24;	0.024000;	6016;	6.016000;	21;	0.021000;	10;	0.010000;	14;	0.014000;	14;	0.014000;	116;	0.116000;	
Push_Relabel_Segment_Parallel_4_processes;	0;	0.000000;	1;	0.001000;	5;	0.005000;	10;	0.010000;	951;	0.951000;	7;	0.007000;	3;	0.003000;	7;	0.007000;	8;	0.008000;	37;	0.037000;	
Ahuja_Orlin_Parallel_4_processes;	0;	0.000000;	2;	0.002000;	4;	0.004000;	26;	0.026000;	1676;	1.676000;	6;	0.006000;	2;	0.002000;	11;	0.011000;	10;	0.010000;	251;	0.251000;	
Push_Relabel_Parallel_8_Processes;	0;	0.000000;	7;	0.007000;	32;	0.032000;	27;	0.027000;	18679;	18.679000;	24;	0.024000;	11;	0.011000;	13;	0.013000;	13;	0.013000;	117;	0.117000;	
Push_Relabel_Segment_Parallel_8_processes;	0;	0.000000;	1;	0.001000;	5;	0.005000;	14;	0.014000;	1175;	1.175000;	10;	0.010000;	179;	0.179000;	11;	0.011000;	9;	0.009000;	71;	0.071000;	
Ahuja_Orlin_Parallel_8_processes;	0;	0.000000;	2;	0.002000;	8;	0.008000;	255;	0.255000;	2314;	2.314000;	10;	0.010000;	22;	0.022000;	14;	0.014000;	12;	0.012000;	283;	0.283000;	
Push_Relabel_Parallel_16_Processes;	3;	0.003000;	81;	0.081000;	268;	0.268000;	223;	0.223000;	71241;	71.241000;	250;	0.250000;	141;	0.141000;	144;	0.144000;	135;	0.135000;	870;	0.870000;	
Push_Relabel_Segment_Parallel_16_processes;	1;	0.001000;	26;	0.026000;	55;	0.055000;	115;	0.115000;	3630;	3.630000;	57;	0.057000;	49;	0.049000;	54;	0.054000;	64;	0.064000;	271;	0.271000;	
Ahuja_Orlin_Parallel_16_processes;	1;	0.001000;	18;	0.018000;	41;	0.041000;	110;	0.110000;	4286;	4.286000;	55;	0.055000;	29;	0.029000;	51;	0.051000;	46;	0.046000;	786;	0.786000;	
Hochbaum_highest_label_fifo;	0;	0.000000;	0;	0.000000;	0;	0.000000;	0;	0.000000;	234;	0.234000;	0;	0.000000;	0;	0.000000;	16;	0.016000;	0;	0.000000;	16;	0.016000;	
Hochbaum_highest_label_lifo;	0;	0.000000;	0;	0.000000;	0;	0.000000;	0;	0.000000;	359;	0.359000;	0;	0.000000;	0;	0.000000;	0;	0.000000;	0;	0.000000;	31;	0.031000;	
Hochbaum__lowest_label_fifo;	0;	0.000000;	0;	0.000000;	0;	0.000000;	31;	0.031000;	688;	0.688000;	16;	0.016000;	0;	0.000000;	0;	0.000000;	0;	0.000000;	531;	0.531000;	
Hochbaum__lowest_label_lifo;	0;	0.000000;	16;	0.016000;	0;	0.000000;	31;	0.031000;	2344;	2.344000;	0;	0.000000;	0;	0.000000;	16;	0.016000;	0;	0.000000;	469;	0.469000;	
boykov_kolmogorov;	0;	0.000000;	1;	0.001000;	3;	0.003000;	100;	0.100000;	34265;	34.265000;	11;	0.011000;	0;	0.000000;	35;	0.035000;	34;	0.034000;	726;	0.726000;	
