nome file;	10.max;;	1000.max;;	100000.max;;	12250.max;;	160.max;;	16000.max;;	20.max;;	2250.max;;	250.max;;	25000.max;;	360.max;;	36000.max;;	40.max;;	4000.max;;	490.max;;	49000.max;;	6250.max;;	640.max;;	64000.max;;	810.max;;	81000.max;;	90.max;;	9000.max;;	
numero di nodi;	10;;	1000;;	100000;;	12250;;	160;;	16000;;	160;;	2250;;	250;;	25000;;	360;;	36000;;	40;;	4000;;	490;;	49000;;	6250;;	640;;	64000;;	810;;	81000;;	90;;	9000;;	
numero di archi;	7;;	4494;;	485994;;	58619;;	618;;	76794;;	618;;	10419;;	1019;;	120494;;	1518;;	173994;;	110;;	18794;;	2115;;	237294;;	29619;;	2810;;	310394;;	3603;;	393294;;	315;;	42894;;	
dimensione del file (Kbytes);	1;;	128;;	13764;;	1661;;	18;;	2176;;	18;;	296;;	30;;	3413;;	44;;	4928;;	4;;	533;;	61;;	6721;;	840;;	80;;	8791;;	103;;	11139;;	10;;	1216;;	
dimensione del file (Mbytes);	0.000977;;	0.125000;;	13.441406;;	1.622070;;	0.017578;;	2.125000;;	0.017578;;	0.289062;;	0.029297;;	3.333008;;	0.042969;;	4.812500;;	0.003906;;	0.520508;;	0.059570;;	6.563477;;	0.820312;;	0.078125;;	8.584961;;	0.100586;;	10.877930;;	0.009766;;	1.187500;;	
[descrizione del dataset]
ALGORITMO;Tempi di esecuzione (ms); Tempi di esecuzione (s);Tempi di esecuzione (ms); Tempi di esecuzione (s);Tempi di esecuzione (ms); Tempi di esecuzione (s);Tempi di esecuzione (ms); Tempi di esecuzione (s);Tempi di esecuzione (ms); Tempi di esecuzione (s);Tempi di esecuzione (ms); Tempi di esecuzione (s);Tempi di esecuzione (ms); Tempi di esecuzione (s);Tempi di esecuzione (ms); Tempi di esecuzione (s);Tempi di esecuzione (ms); Tempi di esecuzione (s);Tempi di esecuzione (ms); Tempi di esecuzione (s);Tempi di esecuzione (ms); Tempi di esecuzione (s);Tempi di esecuzione (ms); Tempi di esecuzione (s);Tempi di esecuzione (ms); Tempi di esecuzione (s);Tempi di esecuzione (ms); Tempi di esecuzione (s);Tempi di esecuzione (ms); Tempi di esecuzione (s);Tempi di esecuzione (ms); Tempi di esecuzione (s);Tempi di esecuzione (ms); Tempi di esecuzione (s);Tempi di esecuzione (ms); Tempi di esecuzione (s);Tempi di esecuzione (ms); Tempi di esecuzione (s);Tempi di esecuzione (ms); Tempi di esecuzione (s);Tempi di esecuzione (ms); Tempi di esecuzione (s);Tempi di esecuzione (ms); Tempi di esecuzione (s);Tempi di esecuzione (ms); Tempi di esecuzione (s);
Edmond_Karps;	0;	0.000000;	15;	0.015000;	359036;	359.036000;	2810;	2.810000;	0;	0.000000;	5036;	5.036000;	0;	0.000000;	72;	0.072000;	0;	0.000000;	12656;	12.656000;	1;	0.001000;	29333;	29.333000;	0;	0.000000;	267;	0.267000;	2;	0.002000;	58342;	58.342000;	674;	0.674000;	4;	0.004000;	118482;	118.482000;	8;	0.008000;	219419;	219.419000;	0;	0.000000;	1458;	1.458000;	
Dinic;	0;	0.000000;	5;	0.005000;	7957;	7.957000;	176;	0.176000;	0;	0.000000;	295;	0.295000;	0;	0.000000;	12;	0.012000;	0;	0.000000;	444;	0.444000;	0;	0.000000;	925;	0.925000;	0;	0.000000;	25;	0.025000;	0;	0.000000;	1672;	1.672000;	54;	0.054000;	1;	0.001000;	3180;	3.180000;	2;	0.002000;	4331;	4.331000;	0;	0.000000;	113;	0.113000;	
Push_Relabel_FIFO;	0;	0.000000;	0;	0.000000;	1138;	1.138000;	28;	0.028000;	0;	0.000000;	48;	0.048000;	0;	0.000000;	1;	0.001000;	0;	0.000000;	70;	0.070000;	0;	0.000000;	160;	0.160000;	0;	0.000000;	6;	0.006000;	0;	0.000000;	281;	0.281000;	9;	0.009000;	0;	0.000000;	571;	0.571000;	0;	0.000000;	698;	0.698000;	0;	0.000000;	17;	0.017000;	
Push_Relabel_Highest;	0;	0.000000;	0;	0.000000;	448;	0.448000;	17;	0.017000;	0;	0.000000;	20;	0.020000;	0;	0.000000;	1;	0.001000;	0;	0.000000;	40;	0.040000;	0;	0.000000;	80;	0.080000;	0;	0.000000;	4;	0.004000;	0;	0.000000;	130;	0.130000;	5;	0.005000;	0;	0.000000;	214;	0.214000;	0;	0.000000;	317;	0.317000;	0;	0.000000;	9;	0.009000;	
Ahuja_Orlin;	0;	0.000000;	0;	0.000000;	1426;	1.426000;	40;	0.040000;	0;	0.000000;	65;	0.065000;	0;	0.000000;	3;	0.003000;	0;	0.000000;	94;	0.094000;	0;	0.000000;	227;	0.227000;	0;	0.000000;	7;	0.007000;	0;	0.000000;	340;	0.340000;	14;	0.014000;	0;	0.000000;	607;	0.607000;	0;	0.000000;	867;	0.867000;	0;	0.000000;	23;	0.023000;	
Push_Relabel_Parallel_2_Processes;	0;	0.000000;	15;	0.015000;	4745;	4.745000;	274;	0.274000;	1;	0.001000;	353;	0.353000;	1;	0.001000;	22;	0.022000;	1;	0.001000;	361;	0.361000;	2;	0.002000;	958;	0.958000;	0;	0.000000;	36;	0.036000;	3;	0.003000;	1383;	1.383000;	84;	0.084000;	4;	0.004000;	2408;	2.408000;	8;	0.008000;	2694;	2.694000;	0;	0.000000;	140;	0.140000;	
Push_Relabel_Segment_Parallel_2_processes;	0;	0.000000;	2;	0.002000;	785;	0.785000;	43;	0.043000;	0;	0.000000;	51;	0.051000;	0;	0.000000;	7;	0.007000;	0;	0.000000;	76;	0.076000;	0;	0.000000;	153;	0.153000;	0;	0.000000;	11;	0.011000;	0;	0.000000;	196;	0.196000;	12;	0.012000;	1;	0.001000;	375;	0.375000;	1;	0.001000;	522;	0.522000;	0;	0.000000;	22;	0.022000;	
Ahuja_Orlin_Parallel_2_processes;	0;	0.000000;	3;	0.003000;	1463;	1.463000;	69;	0.069000;	0;	0.000000;	84;	0.084000;	0;	0.000000;	8;	0.008000;	0;	0.000000;	117;	0.117000;	1;	0.001000;	255;	0.255000;	0;	0.000000;	11;	0.011000;	1;	0.001000;	398;	0.398000;	21;	0.021000;	1;	0.001000;	755;	0.755000;	1;	0.001000;	1006;	1.006000;	0;	0.000000;	38;	0.038000;	
Push_Relabel_Parallel_4_Processes;	0;	0.000000;	18;	0.018000;	5182;	5.182000;	327;	0.327000;	2;	0.002000;	389;	0.389000;	2;	0.002000;	26;	0.026000;	2;	0.002000;	373;	0.373000;	3;	0.003000;	1004;	1.004000;	0;	0.000000;	35;	0.035000;	3;	0.003000;	1690;	1.690000;	104;	0.104000;	5;	0.005000;	2398;	2.398000;	8;	0.008000;	2947;	2.947000;	0;	0.000000;	160;	0.160000;	
Push_Relabel_Segment_Parallel_4_processes;	0;	0.000000;	3;	0.003000;	681;	0.681000;	38;	0.038000;	0;	0.000000;	45;	0.045000;	0;	0.000000;	8;	0.008000;	1;	0.001000;	94;	0.094000;	1;	0.001000;	181;	0.181000;	0;	0.000000;	13;	0.013000;	1;	0.001000;	214;	0.214000;	17;	0.017000;	2;	0.002000;	345;	0.345000;	2;	0.002000;	501;	0.501000;	0;	0.000000;	35;	0.035000;	
Ahuja_Orlin_Parallel_4_processes;	0;	0.000000;	4;	0.004000;	1348;	1.348000;	78;	0.078000;	0;	0.000000;	115;	0.115000;	0;	0.000000;	10;	0.010000;	1;	0.001000;	149;	0.149000;	1;	0.001000;	243;	0.243000;	0;	0.000000;	15;	0.015000;	1;	0.001000;	412;	0.412000;	27;	0.027000;	1;	0.001000;	727;	0.727000;	2;	0.002000;	958;	0.958000;	0;	0.000000;	50;	0.050000;	
Push_Relabel_Parallel_8_Processes;	139;	0.139000;	23;	0.023000;	7084;	7.084000;	538;	0.538000;	2;	0.002000;	506;	0.506000;	2;	0.002000;	28;	0.028000;	4;	0.004000;	653;	0.653000;	6;	0.006000;	1508;	1.508000;	0;	0.000000;	41;	0.041000;	4;	0.004000;	2388;	2.388000;	94;	0.094000;	5;	0.005000;	3649;	3.649000;	13;	0.013000;	4107;	4.107000;	1;	0.001000;	334;	0.334000;	
Push_Relabel_Segment_Parallel_8_processes;	0;	0.000000;	7;	0.007000;	1047;	1.047000;	50;	0.050000;	0;	0.000000;	103;	0.103000;	0;	0.000000;	11;	0.011000;	1;	0.001000;	322;	0.322000;	2;	0.002000;	247;	0.247000;	0;	0.000000;	17;	0.017000;	2;	0.002000;	237;	0.237000;	22;	0.022000;	2;	0.002000;	490;	0.490000;	4;	0.004000;	824;	0.824000;	0;	0.000000;	81;	0.081000;	
Ahuja_Orlin_Parallel_8_processes;	0;	0.000000;	6;	0.006000;	1879;	1.879000;	84;	0.084000;	0;	0.000000;	144;	0.144000;	0;	0.000000;	15;	0.015000;	2;	0.002000;	201;	0.201000;	3;	0.003000;	563;	0.563000;	0;	0.000000;	33;	0.033000;	6;	0.006000;	773;	0.773000;	33;	0.033000;	2;	0.002000;	1044;	1.044000;	4;	0.004000;	1291;	1.291000;	0;	0.000000;	64;	0.064000;	
Push_Relabel_Parallel_16_Processes;	2;	0.002000;	227;	0.227000;	63091;	63.091000;	4213;	4.213000;	36;	0.036000;	5445;	5.445000;	31;	0.031000;	345;	0.345000;	43;	0.043000;	5055;	5.055000;	50;	0.050000;	13597;	13.597000;	5;	0.005000;	512;	0.512000;	57;	0.057000;	19748;	19.748000;	1266;	1.266000;	69;	0.069000;	30448;	30.448000;	139;	0.139000;	35423;	35.423000;	9;	0.009000;	2362;	2.362000;	
Push_Relabel_Segment_Parallel_16_processes;	1;	0.001000;	32;	0.032000;	3260;	3.260000;	320;	0.320000;	4;	0.004000;	302;	0.302000;	5;	0.005000;	66;	0.066000;	19;	0.019000;	519;	0.519000;	16;	0.016000;	992;	0.992000;	1;	0.001000;	111;	0.111000;	14;	0.014000;	1017;	1.017000;	132;	0.132000;	21;	0.021000;	2002;	2.002000;	33;	0.033000;	2183;	2.183000;	3;	0.003000;	212;	0.212000;	
Ahuja_Orlin_Parallel_16_processes;	1;	0.001000;	29;	0.029000;	3955;	3.955000;	480;	0.480000;	4;	0.004000;	611;	0.611000;	5;	0.005000;	82;	0.082000;	10;	0.010000;	680;	0.680000;	22;	0.022000;	1132;	1.132000;	1;	0.001000;	90;	0.090000;	17;	0.017000;	1863;	1.863000;	139;	0.139000;	14;	0.014000;	2799;	2.799000;	25;	0.025000;	3165;	3.165000;	3;	0.003000;	267;	0.267000;	
Hochbaum_highest_label_fifo;	0;	0.000000;	0;	0.000000;	203;	0.203000;	16;	0.016000;	0;	0.000000;	16;	0.016000;	0;	0.000000;	0;	0.000000;	0;	0.000000;	16;	0.016000;	0;	0.000000;	31;	0.031000;	0;	0.000000;	0;	0.000000;	0;	0.000000;	62;	0.062000;	0;	0.000000;	0;	0.000000;	109;	0.109000;	0;	0.000000;	125;	0.125000;	0;	0.000000;	16;	0.016000;	
Hochbaum_highest_label_lifo;	0;	0.000000;	0;	0.000000;	312;	0.312000;	16;	0.016000;	0;	0.000000;	16;	0.016000;	0;	0.000000;	0;	0.000000;	0;	0.000000;	62;	0.062000;	0;	0.000000;	62;	0.062000;	0;	0.000000;	0;	0.000000;	0;	0.000000;	78;	0.078000;	0;	0.000000;	0;	0.000000;	375;	0.375000;	0;	0.000000;	297;	0.297000;	0;	0.000000;	16;	0.016000;	
Hochbaum__lowest_label_fifo;	0;	0.000000;	0;	0.000000;	672;	0.672000;	16;	0.016000;	0;	0.000000;	16;	0.016000;	0;	0.000000;	0;	0.000000;	0;	0.000000;	47;	0.047000;	0;	0.000000;	109;	0.109000;	0;	0.000000;	0;	0.000000;	0;	0.000000;	203;	0.203000;	0;	0.000000;	0;	0.000000;	328;	0.328000;	0;	0.000000;	453;	0.453000;	0;	0.000000;	16;	0.016000;	
Hochbaum__lowest_label_lifo;	0;	0.000000;	0;	0.000000;	2125;	2.125000;	31;	0.031000;	0;	0.000000;	47;	0.047000;	0;	0.000000;	16;	0.016000;	0;	0.000000;	125;	0.125000;	0;	0.000000;	328;	0.328000;	0;	0.000000;	0;	0.000000;	0;	0.000000;	750;	0.750000;	16;	0.016000;	0;	0.000000;	766;	0.766000;	0;	0.000000;	1906;	1.906000;	0;	0.000000;	31;	0.031000;	
boykov_kolmogorov;	0;	0.000000;	3;	0.003000;	31893;	31.893000;	358;	0.358000;	0;	0.000000;	624;	0.624000;	0;	0.000000;	17;	0.017000;	0;	0.000000;	1112;	1.112000;	0;	0.000000;	3417;	3.417000;	0;	0.000000;	32;	0.032000;	0;	0.000000;	6742;	6.742000;	78;	0.078000;	0;	0.000000;	12697;	12.697000;	1;	0.001000;	20577;	20.577000;	0;	0.000000;	169;	0.169000;	
