nome file;	100000.max;;	1000.max;;	10.max;;	12250.max;;	16000.max;;	160.max;;	20.max;;	2250.max;;	25000.max;;	250.max;;	36000.max;;	360.max;;	4000.max;;	40.max;;	49000.max;;	490.max;;	6250.max;;	64000.max;;	640.max;;	81000.max;;	810.max;;	9000.max;;	90.max;;	
numero di nodi;	100000;;	1000;;	10;;	12250;;	16000;;	160;;	160;;	2250;;	25000;;	250;;	36000;;	360;;	4000;;	40;;	49000;;	490;;	6250;;	64000;;	640;;	81000;;	810;;	9000;;	90;;	
numero di archi;	485994;;	4494;;	7;;	58619;;	76794;;	618;;	618;;	10419;;	120494;;	1019;;	173994;;	1518;;	18794;;	110;;	237294;;	2115;;	29619;;	310394;;	2810;;	393294;;	3603;;	42894;;	315;;	
dimensione del file (Kbytes);	13764;;	128;;	1;;	1661;;	2176;;	18;;	18;;	296;;	3413;;	30;;	4928;;	44;;	533;;	4;;	6721;;	61;;	840;;	8791;;	80;;	11139;;	103;;	1216;;	10;;	
dimensione del file (Mbytes);	13.441406;;	0.125000;;	0.000977;;	1.622070;;	2.125000;;	0.017578;;	0.017578;;	0.289062;;	3.333008;;	0.029297;;	4.812500;;	0.042969;;	0.520508;;	0.003906;;	6.563477;;	0.059570;;	0.820312;;	8.584961;;	0.078125;;	10.877930;;	0.100586;;	1.187500;;	0.009766;;	
[descrizione del dataset]
ALGORITMO;Tempi di esecuzione (ms); Tempi di esecuzione (s);Tempi di esecuzione (ms); Tempi di esecuzione (s);Tempi di esecuzione (ms); Tempi di esecuzione (s);Tempi di esecuzione (ms); Tempi di esecuzione (s);Tempi di esecuzione (ms); Tempi di esecuzione (s);Tempi di esecuzione (ms); Tempi di esecuzione (s);Tempi di esecuzione (ms); Tempi di esecuzione (s);Tempi di esecuzione (ms); Tempi di esecuzione (s);Tempi di esecuzione (ms); Tempi di esecuzione (s);Tempi di esecuzione (ms); Tempi di esecuzione (s);Tempi di esecuzione (ms); Tempi di esecuzione (s);Tempi di esecuzione (ms); Tempi di esecuzione (s);Tempi di esecuzione (ms); Tempi di esecuzione (s);Tempi di esecuzione (ms); Tempi di esecuzione (s);Tempi di esecuzione (ms); Tempi di esecuzione (s);Tempi di esecuzione (ms); Tempi di esecuzione (s);Tempi di esecuzione (ms); Tempi di esecuzione (s);Tempi di esecuzione (ms); Tempi di esecuzione (s);Tempi di esecuzione (ms); Tempi di esecuzione (s);Tempi di esecuzione (ms); Tempi di esecuzione (s);Tempi di esecuzione (ms); Tempi di esecuzione (s);Tempi di esecuzione (ms); Tempi di esecuzione (s);Tempi di esecuzione (ms); Tempi di esecuzione (s);
Edmond_Karps;	462534;	462.534000;	17;	0.017000;	0;	0.000000;	4020;	4.020000;	7359;	7.359000;	0;	0.000000;	0;	0.000000;	102;	0.102000;	18492;	18.492000;	0;	0.000000;	41681;	41.681000;	1;	0.001000;	346;	0.346000;	0;	0.000000;	84673;	84.673000;	3;	0.003000;	1094;	1.094000;	151192;	151.192000;	6;	0.006000;	263490;	263.490000;	10;	0.010000;	2041;	2.041000;	0;	0.000000;	
Dinic;	9048;	9.048000;	4;	0.004000;	0;	0.000000;	262;	0.262000;	410;	0.410000;	0;	0.000000;	0;	0.000000;	15;	0.015000;	645;	0.645000;	0;	0.000000;	1365;	1.365000;	0;	0.000000;	32;	0.032000;	0;	0.000000;	2482;	2.482000;	1;	0.001000;	72;	0.072000;	4243;	4.243000;	1;	0.001000;	5356;	5.356000;	2;	0.002000;	144;	0.144000;	0;	0.000000;	
Push_Relabel_FIFO;	1858;	1.858000;	0;	0.000000;	0;	0.000000;	43;	0.043000;	74;	0.074000;	0;	0.000000;	0;	0.000000;	2;	0.002000;	128;	0.128000;	0;	0.000000;	328;	0.328000;	0;	0.000000;	5;	0.005000;	0;	0.000000;	512;	0.512000;	0;	0.000000;	12;	0.012000;	962;	0.962000;	0;	0.000000;	1240;	1.240000;	0;	0.000000;	24;	0.024000;	0;	0.000000;	
Push_Relabel_Highest;	706;	0.706000;	0;	0.000000;	0;	0.000000;	26;	0.026000;	35;	0.035000;	0;	0.000000;	0;	0.000000;	2;	0.002000;	66;	0.066000;	0;	0.000000;	125;	0.125000;	0;	0.000000;	5;	0.005000;	0;	0.000000;	195;	0.195000;	0;	0.000000;	8;	0.008000;	314;	0.314000;	0;	0.000000;	495;	0.495000;	0;	0.000000;	14;	0.014000;	0;	0.000000;	
Ahuja_Orlin;	2250;	2.250000;	1;	0.001000;	0;	0.000000;	63;	0.063000;	101;	0.101000;	0;	0.000000;	0;	0.000000;	5;	0.005000;	167;	0.167000;	0;	0.000000;	360;	0.360000;	0;	0.000000;	11;	0.011000;	0;	0.000000;	625;	0.625000;	0;	0.000000;	21;	0.021000;	1033;	1.033000;	0;	0.000000;	1411;	1.411000;	0;	0.000000;	38;	0.038000;	0;	0.000000;	
Push_Relabel_Parallel_2_Processes;	6805;	6.805000;	15;	0.015000;	0;	0.000000;	323;	0.323000;	441;	0.441000;	1;	0.001000;	2;	0.002000;	24;	0.024000;	542;	0.542000;	2;	0.002000;	1311;	1.311000;	3;	0.003000;	41;	0.041000;	0;	0.000000;	2019;	2.019000;	4;	0.004000;	100;	0.100000;	3107;	3.107000;	4;	0.004000;	4109;	4.109000;	8;	0.008000;	175;	0.175000;	0;	0.000000;	
Push_Relabel_Segment_Parallel_2_processes;	1017;	1.017000;	3;	0.003000;	0;	0.000000;	52;	0.052000;	72;	0.072000;	0;	0.000000;	0;	0.000000;	7;	0.007000;	101;	0.101000;	0;	0.000000;	211;	0.211000;	1;	0.001000;	13;	0.013000;	0;	0.000000;	300;	0.300000;	1;	0.001000;	18;	0.018000;	499;	0.499000;	1;	0.001000;	724;	0.724000;	2;	0.002000;	31;	0.031000;	0;	0.000000;	
Ahuja_Orlin_Parallel_2_processes;	2325;	2.325000;	3;	0.003000;	0;	0.000000;	92;	0.092000;	130;	0.130000;	0;	0.000000;	0;	0.000000;	9;	0.009000;	193;	0.193000;	0;	0.000000;	368;	0.368000;	1;	0.001000;	16;	0.016000;	0;	0.000000;	670;	0.670000;	1;	0.001000;	28;	0.028000;	1054;	1.054000;	1;	0.001000;	1474;	1.474000;	1;	0.001000;	51;	0.051000;	0;	0.000000;	
Push_Relabel_Parallel_4_Processes;	5509;	5.509000;	17;	0.017000;	0;	0.000000;	293;	0.293000;	418;	0.418000;	2;	0.002000;	2;	0.002000;	29;	0.029000;	448;	0.448000;	2;	0.002000;	1055;	1.055000;	3;	0.003000;	38;	0.038000;	0;	0.000000;	1665;	1.665000;	3;	0.003000;	90;	0.090000;	2632;	2.632000;	4;	0.004000;	3216;	3.216000;	8;	0.008000;	158;	0.158000;	0;	0.000000;	
Push_Relabel_Segment_Parallel_4_processes;	999;	0.999000;	3;	0.003000;	0;	0.000000;	48;	0.048000;	65;	0.065000;	0;	0.000000;	0;	0.000000;	9;	0.009000;	116;	0.116000;	1;	0.001000;	227;	0.227000;	1;	0.001000;	15;	0.015000;	0;	0.000000;	325;	0.325000;	1;	0.001000;	19;	0.019000;	474;	0.474000;	1;	0.001000;	606;	0.606000;	2;	0.002000;	37;	0.037000;	0;	0.000000;	
Ahuja_Orlin_Parallel_4_processes;	1940;	1.940000;	6;	0.006000;	0;	0.000000;	93;	0.093000;	145;	0.145000;	0;	0.000000;	0;	0.000000;	11;	0.011000;	193;	0.193000;	1;	0.001000;	368;	0.368000;	1;	0.001000;	16;	0.016000;	0;	0.000000;	611;	0.611000;	1;	0.001000;	31;	0.031000;	1018;	1.018000;	1;	0.001000;	1247;	1.247000;	2;	0.002000;	52;	0.052000;	0;	0.000000;	
Push_Relabel_Parallel_8_Processes;	5471;	5.471000;	16;	0.016000;	0;	0.000000;	342;	0.342000;	409;	0.409000;	2;	0.002000;	2;	0.002000;	28;	0.028000;	521;	0.521000;	2;	0.002000;	1106;	1.106000;	3;	0.003000;	39;	0.039000;	0;	0.000000;	1717;	1.717000;	4;	0.004000;	93;	0.093000;	2667;	2.667000;	5;	0.005000;	3069;	3.069000;	9;	0.009000;	164;	0.164000;	0;	0.000000;	
Push_Relabel_Segment_Parallel_8_processes;	1013;	1.013000;	5;	0.005000;	0;	0.000000;	53;	0.053000;	72;	0.072000;	0;	0.000000;	0;	0.000000;	10;	0.010000;	161;	0.161000;	1;	0.001000;	252;	0.252000;	4;	0.004000;	20;	0.020000;	0;	0.000000;	363;	0.363000;	2;	0.002000;	22;	0.022000;	497;	0.497000;	3;	0.003000;	626;	0.626000;	80;	0.080000;	43;	0.043000;	0;	0.000000;	
Ahuja_Orlin_Parallel_8_processes;	1939;	1.939000;	5;	0.005000;	0;	0.000000;	102;	0.102000;	151;	0.151000;	0;	0.000000;	0;	0.000000;	16;	0.016000;	269;	0.269000;	1;	0.001000;	372;	0.372000;	2;	0.002000;	20;	0.020000;	0;	0.000000;	754;	0.754000;	3;	0.003000;	34;	0.034000;	990;	0.990000;	3;	0.003000;	1357;	1.357000;	5;	0.005000;	70;	0.070000;	0;	0.000000;	
Push_Relabel_Parallel_16_Processes;	211092;	211.092000;	921;	0.921000;	10;	0.010000;	15708;	15.708000;	20733;	20.733000;	123;	0.123000;	115;	0.115000;	1309;	1.309000;	17546;	17.546000;	125;	0.125000;	44673;	44.673000;	191;	0.191000;	1762;	1.762000;	21;	0.021000;	64639;	64.639000;	210;	0.210000;	4158;	4.158000;	100544;	100.544000;	230;	0.230000;	116859;	116.859000;	454;	0.454000;	7474;	7.474000;	38;	0.038000;	
Push_Relabel_Segment_Parallel_16_processes;	10842;	10.842000;	130;	0.130000;	4;	0.004000;	974;	0.974000;	1245;	1.245000;	22;	0.022000;	22;	0.022000;	297;	0.297000;	1712;	1.712000;	33;	0.033000;	3560;	3.560000;	43;	0.043000;	432;	0.432000;	8;	0.008000;	3536;	3.536000;	57;	0.057000;	424;	0.424000;	7654;	7.654000;	56;	0.056000;	6739;	6.739000;	97;	0.097000;	829;	0.829000;	13;	0.013000;	
Ahuja_Orlin_Parallel_16_processes;	13067;	13.067000;	73;	0.073000;	4;	0.004000;	1612;	1.612000;	1836;	1.836000;	18;	0.018000;	12;	0.012000;	187;	0.187000;	1846;	1.846000;	24;	0.024000;	3202;	3.202000;	46;	0.046000;	266;	0.266000;	5;	0.005000;	5527;	5.527000;	60;	0.060000;	440;	0.440000;	8948;	8.948000;	43;	0.043000;	9839;	9.839000;	61;	0.061000;	909;	0.909000;	12;	0.012000;	
Hochbaum_highest_label_fifo;	328;	0.328000;	0;	0.000000;	0;	0.000000;	8;	0.008000;	16;	0.016000;	0;	0.000000;	0;	0.000000;	0;	0.000000;	36;	0.036000;	0;	0.000000;	60;	0.060000;	0;	0.000000;	4;	0.004000;	0;	0.000000;	96;	0.096000;	0;	0.000000;	4;	0.004000;	160;	0.160000;	0;	0.000000;	212;	0.212000;	0;	0.000000;	8;	0.008000;	0;	0.000000;	
Hochbaum_highest_label_lifo;	544;	0.544000;	0;	0.000000;	0;	0.000000;	16;	0.016000;	24;	0.024000;	0;	0.000000;	0;	0.000000;	4;	0.004000;	76;	0.076000;	0;	0.000000;	100;	0.100000;	0;	0.000000;	4;	0.004000;	0;	0.000000;	128;	0.128000;	0;	0.000000;	4;	0.004000;	624;	0.624000;	0;	0.000000;	488;	0.488000;	0;	0.000000;	12;	0.012000;	0;	0.000000;	
Hochbaum__lowest_label_fifo;	1088;	1.088000;	0;	0.000000;	0;	0.000000;	32;	0.032000;	48;	0.048000;	0;	0.000000;	0;	0.000000;	4;	0.004000;	92;	0.092000;	0;	0.000000;	184;	0.184000;	0;	0.000000;	4;	0.004000;	0;	0.000000;	324;	0.324000;	0;	0.000000;	8;	0.008000;	508;	0.508000;	0;	0.000000;	768;	0.768000;	0;	0.000000;	16;	0.016000;	0;	0.000000;	
Hochbaum__lowest_label_lifo;	4024;	4.024000;	0;	0.000000;	0;	0.000000;	64;	0.064000;	72;	0.072000;	0;	0.000000;	0;	0.000000;	4;	0.004000;	200;	0.200000;	0;	0.000000;	532;	0.532000;	0;	0.000000;	4;	0.004000;	0;	0.000000;	1440;	1.440000;	0;	0.000000;	16;	0.016000;	1352;	1.352000;	0;	0.000000;	3580;	3.580000;	0;	0.000000;	40;	0.040000;	0;	0.000000;	
boykov_kolmogorov;	52408;	52.408000;	4;	0.004000;	0;	0.000000;	517;	0.517000;	866;	0.866000;	0;	0.000000;	0;	0.000000;	19;	0.019000;	1680;	1.680000;	0;	0.000000;	5064;	5.064000;	0;	0.000000;	46;	0.046000;	0;	0.000000;	10132;	10.132000;	0;	0.000000;	110;	0.110000;	20751;	20.751000;	1;	0.001000;	35836;	35.836000;	2;	0.002000;	260;	0.260000;	0;	0.000000;	
