nome file;	100000.max;;	1000.max;;	10.max;;	12250.max;;	16000.max;;	160.max;;	20.max;;	2250.max;;	25000.max;;	250.max;;	36000.max;;	360.max;;	4000.max;;	40.max;;	49000.max;;	490.max;;	6250.max;;	64000.max;;	640.max;;	81000.max;;	810.max;;	9000.max;;	90.max;;	
numero di nodi;	100000;;	1000;;	10;;	12250;;	16000;;	160;;	160;;	2250;;	25000;;	250;;	36000;;	360;;	4000;;	40;;	49000;;	490;;	6250;;	64000;;	640;;	81000;;	810;;	9000;;	90;;	
numero di archi;	485994;;	4494;;	7;;	58619;;	76794;;	618;;	618;;	10419;;	120494;;	1019;;	173994;;	1518;;	18794;;	110;;	237294;;	2115;;	29619;;	310394;;	2810;;	393294;;	3603;;	42894;;	315;;	
dimensione del file (Kbytes);	13764;;	128;;	1;;	1661;;	2176;;	18;;	18;;	296;;	3413;;	30;;	4928;;	44;;	533;;	4;;	6721;;	61;;	840;;	8791;;	80;;	11139;;	103;;	1216;;	10;;	
dimensione del file (Mbytes);	13.441406;;	0.125000;;	0.000977;;	1.622070;;	2.125000;;	0.017578;;	0.017578;;	0.289062;;	3.333008;;	0.029297;;	4.812500;;	0.042969;;	0.520508;;	0.003906;;	6.563477;;	0.059570;;	0.820312;;	8.584961;;	0.078125;;	10.877930;;	0.100586;;	1.187500;;	0.009766;;	
[descrizione del dataset]
ALGORITMO;Tempi di esecuzione (ms); Tempi di esecuzione (s);Tempi di esecuzione (ms); Tempi di esecuzione (s);Tempi di esecuzione (ms); Tempi di esecuzione (s);Tempi di esecuzione (ms); Tempi di esecuzione (s);Tempi di esecuzione (ms); Tempi di esecuzione (s);Tempi di esecuzione (ms); Tempi di esecuzione (s);Tempi di esecuzione (ms); Tempi di esecuzione (s);Tempi di esecuzione (ms); Tempi di esecuzione (s);Tempi di esecuzione (ms); Tempi di esecuzione (s);Tempi di esecuzione (ms); Tempi di esecuzione (s);Tempi di esecuzione (ms); Tempi di esecuzione (s);Tempi di esecuzione (ms); Tempi di esecuzione (s);Tempi di esecuzione (ms); Tempi di esecuzione (s);Tempi di esecuzione (ms); Tempi di esecuzione (s);Tempi di esecuzione (ms); Tempi di esecuzione (s);Tempi di esecuzione (ms); Tempi di esecuzione (s);Tempi di esecuzione (ms); Tempi di esecuzione (s);Tempi di esecuzione (ms); Tempi di esecuzione (s);Tempi di esecuzione (ms); Tempi di esecuzione (s);Tempi di esecuzione (ms); Tempi di esecuzione (s);Tempi di esecuzione (ms); Tempi di esecuzione (s);Tempi di esecuzione (ms); Tempi di esecuzione (s);Tempi di esecuzione (ms); Tempi di esecuzione (s);
Edmond_Karps;	465632;	465.632000;	17;	0.017000;	0;	0.000000;	4129;	4.129000;	7277;	7.277000;	0;	0.000000;	0;	0.000000;	104;	0.104000;	18256;	18.256000;	0;	0.000000;	43234;	43.234000;	1;	0.001000;	342;	0.342000;	0;	0.000000;	86687;	86.687000;	3;	0.003000;	917;	0.917000;	151125;	151.125000;	6;	0.006000;	260133;	260.133000;	10;	0.010000;	2048;	2.048000;	0;	0.000000;	
Dinic;	8997;	8.997000;	4;	0.004000;	0;	0.000000;	269;	0.269000;	401;	0.401000;	0;	0.000000;	0;	0.000000;	15;	0.015000;	638;	0.638000;	0;	0.000000;	1372;	1.372000;	0;	0.000000;	32;	0.032000;	0;	0.000000;	2457;	2.457000;	1;	0.001000;	74;	0.074000;	4216;	4.216000;	1;	0.001000;	5235;	5.235000;	2;	0.002000;	141;	0.141000;	0;	0.000000;	
Push_Relabel_FIFO;	1859;	1.859000;	0;	0.000000;	0;	0.000000;	41;	0.041000;	74;	0.074000;	0;	0.000000;	0;	0.000000;	2;	0.002000;	131;	0.131000;	0;	0.000000;	330;	0.330000;	0;	0.000000;	5;	0.005000;	0;	0.000000;	498;	0.498000;	0;	0.000000;	12;	0.012000;	973;	0.973000;	0;	0.000000;	1191;	1.191000;	0;	0.000000;	24;	0.024000;	0;	0.000000;	
Push_Relabel_Highest;	703;	0.703000;	0;	0.000000;	0;	0.000000;	26;	0.026000;	35;	0.035000;	0;	0.000000;	0;	0.000000;	2;	0.002000;	65;	0.065000;	0;	0.000000;	127;	0.127000;	0;	0.000000;	5;	0.005000;	0;	0.000000;	201;	0.201000;	0;	0.000000;	8;	0.008000;	318;	0.318000;	0;	0.000000;	481;	0.481000;	0;	0.000000;	14;	0.014000;	0;	0.000000;	
Ahuja_Orlin;	2242;	2.242000;	1;	0.001000;	0;	0.000000;	66;	0.066000;	100;	0.100000;	0;	0.000000;	0;	0.000000;	7;	0.007000;	164;	0.164000;	0;	0.000000;	357;	0.357000;	0;	0.000000;	11;	0.011000;	0;	0.000000;	611;	0.611000;	0;	0.000000;	21;	0.021000;	1027;	1.027000;	0;	0.000000;	1408;	1.408000;	0;	0.000000;	44;	0.044000;	0;	0.000000;	
Push_Relabel_Parallel_2_Processes;	6952;	6.952000;	15;	0.015000;	0;	0.000000;	328;	0.328000;	442;	0.442000;	2;	0.002000;	2;	0.002000;	26;	0.026000;	534;	0.534000;	2;	0.002000;	1258;	1.258000;	3;	0.003000;	42;	0.042000;	0;	0.000000;	2004;	2.004000;	4;	0.004000;	100;	0.100000;	3214;	3.214000;	4;	0.004000;	4324;	4.324000;	8;	0.008000;	180;	0.180000;	0;	0.000000;	
Push_Relabel_Segment_Parallel_2_processes;	1075;	1.075000;	3;	0.003000;	0;	0.000000;	59;	0.059000;	66;	0.066000;	0;	0.000000;	0;	0.000000;	7;	0.007000;	116;	0.116000;	0;	0.000000;	232;	0.232000;	1;	0.001000;	13;	0.013000;	0;	0.000000;	324;	0.324000;	1;	0.001000;	18;	0.018000;	507;	0.507000;	1;	0.001000;	682;	0.682000;	2;	0.002000;	32;	0.032000;	0;	0.000000;	
Ahuja_Orlin_Parallel_2_processes;	2366;	2.366000;	3;	0.003000;	0;	0.000000;	92;	0.092000;	142;	0.142000;	0;	0.000000;	0;	0.000000;	10;	0.010000;	200;	0.200000;	0;	0.000000;	385;	0.385000;	1;	0.001000;	15;	0.015000;	0;	0.000000;	663;	0.663000;	1;	0.001000;	31;	0.031000;	1109;	1.109000;	1;	0.001000;	1462;	1.462000;	1;	0.001000;	63;	0.063000;	0;	0.000000;	
Push_Relabel_Parallel_4_Processes;	5600;	5.600000;	15;	0.015000;	0;	0.000000;	298;	0.298000;	414;	0.414000;	2;	0.002000;	2;	0.002000;	26;	0.026000;	436;	0.436000;	2;	0.002000;	1110;	1.110000;	3;	0.003000;	40;	0.040000;	0;	0.000000;	1706;	1.706000;	3;	0.003000;	90;	0.090000;	2691;	2.691000;	5;	0.005000;	3234;	3.234000;	8;	0.008000;	164;	0.164000;	0;	0.000000;	
Push_Relabel_Segment_Parallel_4_processes;	1045;	1.045000;	3;	0.003000;	0;	0.000000;	59;	0.059000;	67;	0.067000;	0;	0.000000;	0;	0.000000;	11;	0.011000;	106;	0.106000;	1;	0.001000;	240;	0.240000;	1;	0.001000;	15;	0.015000;	0;	0.000000;	305;	0.305000;	1;	0.001000;	21;	0.021000;	516;	0.516000;	1;	0.001000;	676;	0.676000;	2;	0.002000;	37;	0.037000;	0;	0.000000;	
Ahuja_Orlin_Parallel_4_processes;	1944;	1.944000;	4;	0.004000;	0;	0.000000;	92;	0.092000;	137;	0.137000;	0;	0.000000;	0;	0.000000;	11;	0.011000;	207;	0.207000;	0;	0.000000;	363;	0.363000;	1;	0.001000;	16;	0.016000;	0;	0.000000;	619;	0.619000;	1;	0.001000;	29;	0.029000;	958;	0.958000;	1;	0.001000;	1236;	1.236000;	2;	0.002000;	55;	0.055000;	0;	0.000000;	
Push_Relabel_Parallel_8_Processes;	5543;	5.543000;	17;	0.017000;	0;	0.000000;	312;	0.312000;	401;	0.401000;	2;	0.002000;	2;	0.002000;	24;	0.024000;	435;	0.435000;	2;	0.002000;	1185;	1.185000;	3;	0.003000;	38;	0.038000;	0;	0.000000;	1830;	1.830000;	5;	0.005000;	116;	0.116000;	2602;	2.602000;	5;	0.005000;	3192;	3.192000;	9;	0.009000;	167;	0.167000;	0;	0.000000;	
Push_Relabel_Segment_Parallel_8_processes;	961;	0.961000;	5;	0.005000;	0;	0.000000;	59;	0.059000;	76;	0.076000;	0;	0.000000;	0;	0.000000;	11;	0.011000;	144;	0.144000;	1;	0.001000;	244;	0.244000;	2;	0.002000;	19;	0.019000;	0;	0.000000;	340;	0.340000;	4;	0.004000;	23;	0.023000;	571;	0.571000;	3;	0.003000;	657;	0.657000;	4;	0.004000;	46;	0.046000;	0;	0.000000;	
Ahuja_Orlin_Parallel_8_processes;	1870;	1.870000;	6;	0.006000;	0;	0.000000;	104;	0.104000;	245;	0.245000;	0;	0.000000;	0;	0.000000;	14;	0.014000;	205;	0.205000;	1;	0.001000;	370;	0.370000;	2;	0.002000;	22;	0.022000;	0;	0.000000;	669;	0.669000;	2;	0.002000;	36;	0.036000;	1025;	1.025000;	2;	0.002000;	1365;	1.365000;	4;	0.004000;	67;	0.067000;	0;	0.000000;	
Push_Relabel_Parallel_16_Processes;	204690;	204.690000;	833;	0.833000;	9;	0.009000;	13675;	13.675000;	18189;	18.189000;	110;	0.110000;	113;	0.113000;	1169;	1.169000;	16748;	16.748000;	122;	0.122000;	44659;	44.659000;	180;	0.180000;	1761;	1.761000;	21;	0.021000;	64911;	64.911000;	198;	0.198000;	4185;	4.185000;	101012;	101.012000;	238;	0.238000;	115915;	115.915000;	446;	0.446000;	7369;	7.369000;	37;	0.037000;	
Push_Relabel_Segment_Parallel_16_processes;	9938;	9.938000;	134;	0.134000;	4;	0.004000;	1115;	1.115000;	1231;	1.231000;	21;	0.021000;	22;	0.022000;	294;	0.294000;	1601;	1.601000;	32;	0.032000;	3782;	3.782000;	41;	0.041000;	388;	0.388000;	7;	0.007000;	2951;	2.951000;	62;	0.062000;	455;	0.455000;	6666;	6.666000;	54;	0.054000;	7243;	7.243000;	101;	0.101000;	750;	0.750000;	12;	0.012000;	
Ahuja_Orlin_Parallel_16_processes;	12298;	12.298000;	70;	0.070000;	4;	0.004000;	1579;	1.579000;	2115;	2.115000;	21;	0.021000;	19;	0.019000;	264;	0.264000;	2363;	2.363000;	28;	0.028000;	3522;	3.522000;	43;	0.043000;	312;	0.312000;	5;	0.005000;	5813;	5.813000;	62;	0.062000;	456;	0.456000;	8615;	8.615000;	36;	0.036000;	9365;	9.365000;	58;	0.058000;	995;	0.995000;	12;	0.012000;	
Hochbaum_highest_label_fifo;	280;	0.280000;	0;	0.000000;	0;	0.000000;	12;	0.012000;	12;	0.012000;	0;	0.000000;	0;	0.000000;	0;	0.000000;	28;	0.028000;	0;	0.000000;	52;	0.052000;	0;	0.000000;	4;	0.004000;	0;	0.000000;	88;	0.088000;	0;	0.000000;	4;	0.004000;	140;	0.140000;	0;	0.000000;	192;	0.192000;	0;	0.000000;	4;	0.004000;	0;	0.000000;	
Hochbaum_highest_label_lifo;	500;	0.500000;	0;	0.000000;	0;	0.000000;	12;	0.012000;	20;	0.020000;	0;	0.000000;	0;	0.000000;	0;	0.000000;	68;	0.068000;	0;	0.000000;	92;	0.092000;	0;	0.000000;	0;	0.000000;	0;	0.000000;	120;	0.120000;	0;	0.000000;	4;	0.004000;	576;	0.576000;	0;	0.000000;	448;	0.448000;	0;	0.000000;	8;	0.008000;	0;	0.000000;	
Hochbaum__lowest_label_fifo;	976;	0.976000;	0;	0.000000;	0;	0.000000;	28;	0.028000;	44;	0.044000;	0;	0.000000;	0;	0.000000;	4;	0.004000;	84;	0.084000;	0;	0.000000;	164;	0.164000;	0;	0.000000;	4;	0.004000;	0;	0.000000;	296;	0.296000;	0;	0.000000;	12;	0.012000;	476;	0.476000;	0;	0.000000;	676;	0.676000;	0;	0.000000;	16;	0.016000;	0;	0.000000;	
Hochbaum__lowest_label_lifo;	3968;	3.968000;	0;	0.000000;	0;	0.000000;	64;	0.064000;	68;	0.068000;	0;	0.000000;	0;	0.000000;	4;	0.004000;	204;	0.204000;	0;	0.000000;	516;	0.516000;	0;	0.000000;	4;	0.004000;	0;	0.000000;	1356;	1.356000;	0;	0.000000;	12;	0.012000;	1212;	1.212000;	0;	0.000000;	3380;	3.380000;	0;	0.000000;	36;	0.036000;	0;	0.000000;	
boykov_kolmogorov;	49663;	49.663000;	4;	0.004000;	0;	0.000000;	523;	0.523000;	863;	0.863000;	0;	0.000000;	0;	0.000000;	20;	0.020000;	1650;	1.650000;	0;	0.000000;	4882;	4.882000;	0;	0.000000;	44;	0.044000;	0;	0.000000;	9531;	9.531000;	0;	0.000000;	108;	0.108000;	18684;	18.684000;	1;	0.001000;	31081;	31.081000;	2;	0.002000;	233;	0.233000;	0;	0.000000;	
