nome file;	100000.max;;	1000.max;;	10.max;;	12250.max;;	16000.max;;	160.max;;	20.max;;	2250.max;;	25000.max;;	250.max;;	36000.max;;	360.max;;	4000.max;;	40.max;;	49000.max;;	490.max;;	6250.max;;	64000.max;;	640.max;;	81000.max;;	810.max;;	9000.max;;	90.max;;	
numero di nodi;	100000;;	1000;;	10;;	12250;;	16000;;	160;;	160;;	2250;;	25000;;	250;;	36000;;	360;;	4000;;	40;;	49000;;	490;;	6250;;	64000;;	640;;	81000;;	810;;	9000;;	90;;	
numero di archi;	485994;;	4494;;	7;;	58619;;	76794;;	618;;	618;;	10419;;	120494;;	1019;;	173994;;	1518;;	18794;;	110;;	237294;;	2115;;	29619;;	310394;;	2810;;	393294;;	3603;;	42894;;	315;;	
dimensione del file (Kbytes);	13764;;	128;;	1;;	1661;;	2176;;	18;;	18;;	296;;	3413;;	30;;	4928;;	44;;	533;;	4;;	6721;;	61;;	840;;	8791;;	80;;	11139;;	103;;	1216;;	10;;	
dimensione del file (Mbytes);	13.441406;;	0.125000;;	0.000977;;	1.622070;;	2.125000;;	0.017578;;	0.017578;;	0.289062;;	3.333008;;	0.029297;;	4.812500;;	0.042969;;	0.520508;;	0.003906;;	6.563477;;	0.059570;;	0.820312;;	8.584961;;	0.078125;;	10.877930;;	0.100586;;	1.187500;;	0.009766;;	
[descrizione del dataset]
ALGORITMO;Tempi di esecuzione (ms); Tempi di esecuzione (s);Tempi di esecuzione (ms); Tempi di esecuzione (s);Tempi di esecuzione (ms); Tempi di esecuzione (s);Tempi di esecuzione (ms); Tempi di esecuzione (s);Tempi di esecuzione (ms); Tempi di esecuzione (s);Tempi di esecuzione (ms); Tempi di esecuzione (s);Tempi di esecuzione (ms); Tempi di esecuzione (s);Tempi di esecuzione (ms); Tempi di esecuzione (s);Tempi di esecuzione (ms); Tempi di esecuzione (s);Tempi di esecuzione (ms); Tempi di esecuzione (s);Tempi di esecuzione (ms); Tempi di esecuzione (s);Tempi di esecuzione (ms); Tempi di esecuzione (s);Tempi di esecuzione (ms); Tempi di esecuzione (s);Tempi di esecuzione (ms); Tempi di esecuzione (s);Tempi di esecuzione (ms); Tempi di esecuzione (s);Tempi di esecuzione (ms); Tempi di esecuzione (s);Tempi di esecuzione (ms); Tempi di esecuzione (s);Tempi di esecuzione (ms); Tempi di esecuzione (s);Tempi di esecuzione (ms); Tempi di esecuzione (s);Tempi di esecuzione (ms); Tempi di esecuzione (s);Tempi di esecuzione (ms); Tempi di esecuzione (s);Tempi di esecuzione (ms); Tempi di esecuzione (s);Tempi di esecuzione (ms); Tempi di esecuzione (s);
Edmond_Karps;	517393;	517.393000;	16;	0.016000;	0;	0.000000;	3883;	3.883000;	7086;	7.086000;	0;	0.000000;	0;	0.000000;	97;	0.097000;	18020;	18.020000;	0;	0.000000;	40977;	40.977000;	1;	0.001000;	330;	0.330000;	0;	0.000000;	82979;	82.979000;	3;	0.003000;	888;	0.888000;	158559;	158.559000;	5;	0.005000;	277130;	277.130000;	10;	0.010000;	1966;	1.966000;	0;	0.000000;	
Dinic;	9722;	9.722000;	4;	0.004000;	0;	0.000000;	250;	0.250000;	394;	0.394000;	0;	0.000000;	0;	0.000000;	14;	0.014000;	648;	0.648000;	0;	0.000000;	1397;	1.397000;	0;	0.000000;	31;	0.031000;	0;	0.000000;	2553;	2.553000;	1;	0.001000;	71;	0.071000;	4474;	4.474000;	1;	0.001000;	5698;	5.698000;	2;	0.002000;	137;	0.137000;	0;	0.000000;	
Push_Relabel_FIFO;	2108;	2.108000;	0;	0.000000;	0;	0.000000;	40;	0.040000;	73;	0.073000;	0;	0.000000;	0;	0.000000;	2;	0.002000;	131;	0.131000;	0;	0.000000;	343;	0.343000;	0;	0.000000;	6;	0.006000;	0;	0.000000;	538;	0.538000;	0;	0.000000;	12;	0.012000;	1039;	1.039000;	0;	0.000000;	1347;	1.347000;	0;	0.000000;	23;	0.023000;	0;	0.000000;	
Push_Relabel_Highest;	738;	0.738000;	0;	0.000000;	0;	0.000000;	26;	0.026000;	34;	0.034000;	0;	0.000000;	0;	0.000000;	2;	0.002000;	64;	0.064000;	0;	0.000000;	125;	0.125000;	0;	0.000000;	5;	0.005000;	0;	0.000000;	194;	0.194000;	0;	0.000000;	8;	0.008000;	322;	0.322000;	0;	0.000000;	512;	0.512000;	0;	0.000000;	14;	0.014000;	0;	0.000000;	
Ahuja_Orlin;	2329;	2.329000;	1;	0.001000;	0;	0.000000;	63;	0.063000;	98;	0.098000;	0;	0.000000;	0;	0.000000;	5;	0.005000;	162;	0.162000;	0;	0.000000;	371;	0.371000;	0;	0.000000;	10;	0.010000;	0;	0.000000;	639;	0.639000;	0;	0.000000;	20;	0.020000;	1121;	1.121000;	0;	0.000000;	1524;	1.524000;	0;	0.000000;	37;	0.037000;	0;	0.000000;	
Push_Relabel_Parallel_2_Processes;	10035;	10.035000;	18;	0.018000;	0;	0.000000;	432;	0.432000;	669;	0.669000;	2;	0.002000;	2;	0.002000;	32;	0.032000;	829;	0.829000;	4;	0.004000;	1972;	1.972000;	3;	0.003000;	48;	0.048000;	0;	0.000000;	2847;	2.847000;	4;	0.004000;	115;	0.115000;	4696;	4.696000;	5;	0.005000;	5892;	5.892000;	14;	0.014000;	211;	0.211000;	0;	0.000000;	
Push_Relabel_Segment_Parallel_2_processes;	1407;	1.407000;	3;	0.003000;	0;	0.000000;	55;	0.055000;	62;	0.062000;	0;	0.000000;	0;	0.000000;	7;	0.007000;	106;	0.106000;	0;	0.000000;	301;	0.301000;	1;	0.001000;	13;	0.013000;	0;	0.000000;	447;	0.447000;	1;	0.001000;	19;	0.019000;	724;	0.724000;	1;	0.001000;	890;	0.890000;	2;	0.002000;	38;	0.038000;	0;	0.000000;	
Ahuja_Orlin_Parallel_2_processes;	3030;	3.030000;	4;	0.004000;	0;	0.000000;	91;	0.091000;	215;	0.215000;	0;	0.000000;	0;	0.000000;	10;	0.010000;	197;	0.197000;	0;	0.000000;	550;	0.550000;	1;	0.001000;	17;	0.017000;	0;	0.000000;	1017;	1.017000;	2;	0.002000;	28;	0.028000;	1539;	1.539000;	1;	0.001000;	1898;	1.898000;	2;	0.002000;	58;	0.058000;	0;	0.000000;	
Push_Relabel_Parallel_4_Processes;	8099;	8.099000;	17;	0.017000;	0;	0.000000;	420;	0.420000;	587;	0.587000;	2;	0.002000;	2;	0.002000;	26;	0.026000;	622;	0.622000;	3;	0.003000;	1580;	1.580000;	3;	0.003000;	44;	0.044000;	0;	0.000000;	2304;	2.304000;	4;	0.004000;	131;	0.131000;	3709;	3.709000;	7;	0.007000;	4634;	4.634000;	9;	0.009000;	195;	0.195000;	0;	0.000000;	
Push_Relabel_Segment_Parallel_4_processes;	1170;	1.170000;	8;	0.008000;	0;	0.000000;	67;	0.067000;	94;	0.094000;	0;	0.000000;	0;	0.000000;	10;	0.010000;	172;	0.172000;	1;	0.001000;	237;	0.237000;	1;	0.001000;	15;	0.015000;	0;	0.000000;	322;	0.322000;	2;	0.002000;	24;	0.024000;	610;	0.610000;	2;	0.002000;	798;	0.798000;	2;	0.002000;	41;	0.041000;	0;	0.000000;	
Ahuja_Orlin_Parallel_4_processes;	2449;	2.449000;	4;	0.004000;	0;	0.000000;	107;	0.107000;	136;	0.136000;	0;	0.000000;	0;	0.000000;	13;	0.013000;	215;	0.215000;	1;	0.001000;	458;	0.458000;	1;	0.001000;	22;	0.022000;	0;	0.000000;	718;	0.718000;	1;	0.001000;	43;	0.043000;	1398;	1.398000;	2;	0.002000;	1608;	1.608000;	3;	0.003000;	55;	0.055000;	0;	0.000000;	
Push_Relabel_Parallel_8_Processes;	7970;	7.970000;	19;	0.019000;	0;	0.000000;	443;	0.443000;	743;	0.743000;	3;	0.003000;	3;	0.003000;	46;	0.046000;	651;	0.651000;	4;	0.004000;	1726;	1.726000;	7;	0.007000;	81;	0.081000;	0;	0.000000;	2835;	2.835000;	6;	0.006000;	150;	0.150000;	3772;	3.772000;	8;	0.008000;	5205;	5.205000;	10;	0.010000;	194;	0.194000;	1;	0.001000;	
Push_Relabel_Segment_Parallel_8_processes;	1161;	1.161000;	8;	0.008000;	0;	0.000000;	73;	0.073000;	101;	0.101000;	0;	0.000000;	0;	0.000000;	14;	0.014000;	163;	0.163000;	2;	0.002000;	305;	0.305000;	2;	0.002000;	34;	0.034000;	0;	0.000000;	429;	0.429000;	3;	0.003000;	29;	0.029000;	666;	0.666000;	5;	0.005000;	842;	0.842000;	5;	0.005000;	63;	0.063000;	0;	0.000000;	
Ahuja_Orlin_Parallel_8_processes;	2413;	2.413000;	10;	0.010000;	0;	0.000000;	111;	0.111000;	162;	0.162000;	0;	0.000000;	0;	0.000000;	21;	0.021000;	293;	0.293000;	3;	0.003000;	535;	0.535000;	3;	0.003000;	29;	0.029000;	0;	0.000000;	807;	0.807000;	4;	0.004000;	42;	0.042000;	1314;	1.314000;	4;	0.004000;	1686;	1.686000;	5;	0.005000;	69;	0.069000;	0;	0.000000;	
Push_Relabel_Parallel_16_Processes;	198411;	198.411000;	817;	0.817000;	9;	0.009000;	13282;	13.282000;	17599;	17.599000;	102;	0.102000;	117;	0.117000;	1125;	1.125000;	16092;	16.092000;	120;	0.120000;	43001;	43.001000;	167;	0.167000;	1718;	1.718000;	20;	0.020000;	62992;	62.992000;	211;	0.211000;	4089;	4.089000;	98589;	98.589000;	242;	0.242000;	113748;	113.748000;	447;	0.447000;	7183;	7.183000;	35;	0.035000;	
Push_Relabel_Segment_Parallel_16_processes;	9534;	9.534000;	130;	0.130000;	4;	0.004000;	992;	0.992000;	1316;	1.316000;	22;	0.022000;	22;	0.022000;	266;	0.266000;	1716;	1.716000;	32;	0.032000;	3307;	3.307000;	48;	0.048000;	354;	0.354000;	7;	0.007000;	3180;	3.180000;	62;	0.062000;	399;	0.399000;	7072;	7.072000;	50;	0.050000;	6002;	6.002000;	86;	0.086000;	779;	0.779000;	9;	0.009000;	
Ahuja_Orlin_Parallel_16_processes;	12275;	12.275000;	76;	0.076000;	4;	0.004000;	1452;	1.452000;	1920;	1.920000;	20;	0.020000;	19;	0.019000;	253;	0.253000;	2292;	2.292000;	24;	0.024000;	3263;	3.263000;	47;	0.047000;	316;	0.316000;	5;	0.005000;	5895;	5.895000;	61;	0.061000;	507;	0.507000;	8509;	8.509000;	39;	0.039000;	10039;	10.039000;	62;	0.062000;	913;	0.913000;	12;	0.012000;	
Hochbaum_highest_label_fifo;	328;	0.328000;	0;	0.000000;	0;	0.000000;	8;	0.008000;	16;	0.016000;	0;	0.000000;	0;	0.000000;	0;	0.000000;	32;	0.032000;	0;	0.000000;	52;	0.052000;	0;	0.000000;	0;	0.000000;	0;	0.000000;	92;	0.092000;	0;	0.000000;	4;	0.004000;	156;	0.156000;	0;	0.000000;	216;	0.216000;	0;	0.000000;	4;	0.004000;	0;	0.000000;	
Hochbaum_highest_label_lifo;	548;	0.548000;	0;	0.000000;	0;	0.000000;	8;	0.008000;	24;	0.024000;	0;	0.000000;	0;	0.000000;	0;	0.000000;	72;	0.072000;	0;	0.000000;	96;	0.096000;	0;	0.000000;	4;	0.004000;	0;	0.000000;	128;	0.128000;	0;	0.000000;	4;	0.004000;	572;	0.572000;	0;	0.000000;	472;	0.472000;	0;	0.000000;	12;	0.012000;	0;	0.000000;	
Hochbaum__lowest_label_fifo;	1152;	1.152000;	0;	0.000000;	0;	0.000000;	28;	0.028000;	52;	0.052000;	0;	0.000000;	0;	0.000000;	4;	0.004000;	100;	0.100000;	0;	0.000000;	192;	0.192000;	0;	0.000000;	4;	0.004000;	0;	0.000000;	348;	0.348000;	0;	0.000000;	8;	0.008000;	536;	0.536000;	0;	0.000000;	788;	0.788000;	0;	0.000000;	16;	0.016000;	0;	0.000000;	
Hochbaum__lowest_label_lifo;	3944;	3.944000;	0;	0.000000;	0;	0.000000;	64;	0.064000;	68;	0.068000;	0;	0.000000;	0;	0.000000;	4;	0.004000;	200;	0.200000;	0;	0.000000;	520;	0.520000;	0;	0.000000;	4;	0.004000;	0;	0.000000;	1332;	1.332000;	0;	0.000000;	12;	0.012000;	1252;	1.252000;	0;	0.000000;	3356;	3.356000;	0;	0.000000;	32;	0.032000;	0;	0.000000;	
boykov_kolmogorov;	57011;	57.011000;	3;	0.003000;	0;	0.000000;	534;	0.534000;	874;	0.874000;	0;	0.000000;	0;	0.000000;	18;	0.018000;	1703;	1.703000;	0;	0.000000;	5130;	5.130000;	0;	0.000000;	42;	0.042000;	0;	0.000000;	10149;	10.149000;	0;	0.000000;	104;	0.104000;	20001;	20.001000;	1;	0.001000;	33810;	33.810000;	2;	0.002000;	229;	0.229000;	0;	0.000000;	
