nome file;	10.max;;	1000.max;;	100000.max;;	12250.max;;	160.max;;	16000.max;;	20.max;;	2250.max;;	250.max;;	25000.max;;	360.max;;	36000.max;;	40.max;;	4000.max;;	490.max;;	49000.max;;	6250.max;;	640.max;;	64000.max;;	810.max;;	81000.max;;	90.max;;	9000.max;;	
numero di nodi;	10;;	1000;;	100000;;	12250;;	160;;	16000;;	160;;	2250;;	250;;	25000;;	360;;	36000;;	40;;	4000;;	490;;	49000;;	6250;;	640;;	64000;;	810;;	81000;;	90;;	9000;;	
numero di archi;	7;;	4494;;	485994;;	58619;;	618;;	76794;;	618;;	10419;;	1019;;	120494;;	1518;;	173994;;	110;;	18794;;	2115;;	237294;;	29619;;	2810;;	310394;;	3603;;	393294;;	315;;	42894;;	
dimensione del file (Kbytes);	1;;	128;;	13764;;	1661;;	18;;	2176;;	18;;	296;;	30;;	3413;;	44;;	4928;;	4;;	533;;	61;;	6721;;	840;;	80;;	8791;;	103;;	11139;;	10;;	1216;;	
dimensione del file (Mbytes);	0.000977;;	0.125000;;	13.441406;;	1.622070;;	0.017578;;	2.125000;;	0.017578;;	0.289062;;	0.029297;;	3.333008;;	0.042969;;	4.812500;;	0.003906;;	0.520508;;	0.059570;;	6.563477;;	0.820312;;	0.078125;;	8.584961;;	0.100586;;	10.877930;;	0.009766;;	1.187500;;	
[descrizione del dataset]
ALGORITMO;Tempi di esecuzione (ms); Tempi di esecuzione (s);Tempi di esecuzione (ms); Tempi di esecuzione (s);Tempi di esecuzione (ms); Tempi di esecuzione (s);Tempi di esecuzione (ms); Tempi di esecuzione (s);Tempi di esecuzione (ms); Tempi di esecuzione (s);Tempi di esecuzione (ms); Tempi di esecuzione (s);Tempi di esecuzione (ms); Tempi di esecuzione (s);Tempi di esecuzione (ms); Tempi di esecuzione (s);Tempi di esecuzione (ms); Tempi di esecuzione (s);Tempi di esecuzione (ms); Tempi di esecuzione (s);Tempi di esecuzione (ms); Tempi di esecuzione (s);Tempi di esecuzione (ms); Tempi di esecuzione (s);Tempi di esecuzione (ms); Tempi di esecuzione (s);Tempi di esecuzione (ms); Tempi di esecuzione (s);Tempi di esecuzione (ms); Tempi di esecuzione (s);Tempi di esecuzione (ms); Tempi di esecuzione (s);Tempi di esecuzione (ms); Tempi di esecuzione (s);Tempi di esecuzione (ms); Tempi di esecuzione (s);Tempi di esecuzione (ms); Tempi di esecuzione (s);Tempi di esecuzione (ms); Tempi di esecuzione (s);Tempi di esecuzione (ms); Tempi di esecuzione (s);Tempi di esecuzione (ms); Tempi di esecuzione (s);Tempi di esecuzione (ms); Tempi di esecuzione (s);
Edmond_Karps;	0;	0.000000;	17;	0.017000;	352781;	352.781000;	2817;	2.817000;	0;	0.000000;	4971;	4.971000;	0;	0.000000;	74;	0.074000;	0;	0.000000;	12351;	12.351000;	1;	0.001000;	27566;	27.566000;	0;	0.000000;	252;	0.252000;	3;	0.003000;	57341;	57.341000;	658;	0.658000;	4;	0.004000;	117221;	117.221000;	9;	0.009000;	216950;	216.950000;	0;	0.000000;	1472;	1.472000;	
Dinic;	0;	0.000000;	4;	0.004000;	7875;	7.875000;	176;	0.176000;	0;	0.000000;	268;	0.268000;	0;	0.000000;	12;	0.012000;	0;	0.000000;	435;	0.435000;	0;	0.000000;	903;	0.903000;	0;	0.000000;	27;	0.027000;	1;	0.001000;	1732;	1.732000;	56;	0.056000;	1;	0.001000;	3184;	3.184000;	2;	0.002000;	4379;	4.379000;	0;	0.000000;	99;	0.099000;	
Push_Relabel_FIFO;	0;	0.000000;	0;	0.000000;	1052;	1.052000;	26;	0.026000;	0;	0.000000;	48;	0.048000;	0;	0.000000;	3;	0.003000;	0;	0.000000;	80;	0.080000;	0;	0.000000;	192;	0.192000;	0;	0.000000;	5;	0.005000;	0;	0.000000;	328;	0.328000;	11;	0.011000;	0;	0.000000;	575;	0.575000;	0;	0.000000;	711;	0.711000;	0;	0.000000;	17;	0.017000;	
Push_Relabel_Highest;	0;	0.000000;	0;	0.000000;	441;	0.441000;	17;	0.017000;	0;	0.000000;	22;	0.022000;	0;	0.000000;	1;	0.001000;	0;	0.000000;	44;	0.044000;	0;	0.000000;	86;	0.086000;	0;	0.000000;	4;	0.004000;	0;	0.000000;	127;	0.127000;	5;	0.005000;	0;	0.000000;	224;	0.224000;	0;	0.000000;	325;	0.325000;	0;	0.000000;	8;	0.008000;	
Ahuja_Orlin;	0;	0.000000;	0;	0.000000;	1352;	1.352000;	38;	0.038000;	0;	0.000000;	60;	0.060000;	0;	0.000000;	3;	0.003000;	0;	0.000000;	101;	0.101000;	0;	0.000000;	223;	0.223000;	0;	0.000000;	8;	0.008000;	0;	0.000000;	380;	0.380000;	14;	0.014000;	0;	0.000000;	623;	0.623000;	0;	0.000000;	904;	0.904000;	0;	0.000000;	27;	0.027000;	
Push_Relabel_Parallel_2_Processes;	0;	0.000000;	18;	0.018000;	4748;	4.748000;	257;	0.257000;	2;	0.002000;	364;	0.364000;	2;	0.002000;	24;	0.024000;	2;	0.002000;	404;	0.404000;	3;	0.003000;	953;	0.953000;	0;	0.000000;	34;	0.034000;	3;	0.003000;	1470;	1.470000;	80;	0.080000;	4;	0.004000;	2841;	2.841000;	10;	0.010000;	2881;	2.881000;	0;	0.000000;	147;	0.147000;	
Push_Relabel_Segment_Parallel_2_processes;	0;	0.000000;	3;	0.003000;	778;	0.778000;	43;	0.043000;	0;	0.000000;	52;	0.052000;	0;	0.000000;	8;	0.008000;	0;	0.000000;	87;	0.087000;	0;	0.000000;	172;	0.172000;	0;	0.000000;	11;	0.011000;	1;	0.001000;	218;	0.218000;	15;	0.015000;	1;	0.001000;	385;	0.385000;	1;	0.001000;	584;	0.584000;	0;	0.000000;	25;	0.025000;	
Ahuja_Orlin_Parallel_2_processes;	0;	0.000000;	2;	0.002000;	1432;	1.432000;	74;	0.074000;	0;	0.000000;	97;	0.097000;	0;	0.000000;	7;	0.007000;	0;	0.000000;	142;	0.142000;	1;	0.001000;	262;	0.262000;	0;	0.000000;	13;	0.013000;	1;	0.001000;	438;	0.438000;	23;	0.023000;	1;	0.001000;	692;	0.692000;	1;	0.001000;	937;	0.937000;	0;	0.000000;	41;	0.041000;	
Push_Relabel_Parallel_4_Processes;	0;	0.000000;	19;	0.019000;	5080;	5.080000;	310;	0.310000;	2;	0.002000;	381;	0.381000;	2;	0.002000;	25;	0.025000;	2;	0.002000;	412;	0.412000;	3;	0.003000;	1021;	1.021000;	0;	0.000000;	43;	0.043000;	4;	0.004000;	1523;	1.523000;	89;	0.089000;	5;	0.005000;	2455;	2.455000;	9;	0.009000;	2937;	2.937000;	0;	0.000000;	162;	0.162000;	
Push_Relabel_Segment_Parallel_4_processes;	0;	0.000000;	3;	0.003000;	672;	0.672000;	39;	0.039000;	0;	0.000000;	59;	0.059000;	0;	0.000000;	8;	0.008000;	1;	0.001000;	86;	0.086000;	1;	0.001000;	172;	0.172000;	0;	0.000000;	12;	0.012000;	1;	0.001000;	232;	0.232000;	16;	0.016000;	2;	0.002000;	413;	0.413000;	3;	0.003000;	537;	0.537000;	0;	0.000000;	31;	0.031000;	
Ahuja_Orlin_Parallel_4_processes;	0;	0.000000;	3;	0.003000;	1311;	1.311000;	73;	0.073000;	0;	0.000000;	112;	0.112000;	0;	0.000000;	9;	0.009000;	1;	0.001000;	141;	0.141000;	1;	0.001000;	275;	0.275000;	0;	0.000000;	16;	0.016000;	2;	0.002000;	423;	0.423000;	28;	0.028000;	1;	0.001000;	759;	0.759000;	2;	0.002000;	931;	0.931000;	0;	0.000000;	44;	0.044000;	
Push_Relabel_Parallel_8_Processes;	125;	0.125000;	20;	0.020000;	7133;	7.133000;	533;	0.533000;	4;	0.004000;	534;	0.534000;	2;	0.002000;	29;	0.029000;	2;	0.002000;	678;	0.678000;	6;	0.006000;	1454;	1.454000;	0;	0.000000;	45;	0.045000;	4;	0.004000;	2241;	2.241000;	100;	0.100000;	8;	0.008000;	3511;	3.511000;	12;	0.012000;	3966;	3.966000;	14;	0.014000;	180;	0.180000;	
Push_Relabel_Segment_Parallel_8_processes;	0;	0.000000;	7;	0.007000;	1066;	1.066000;	48;	0.048000;	0;	0.000000;	60;	0.060000;	0;	0.000000;	12;	0.012000;	158;	0.158000;	161;	0.161000;	2;	0.002000;	170;	0.170000;	0;	0.000000;	16;	0.016000;	3;	0.003000;	456;	0.456000;	21;	0.021000;	4;	0.004000;	461;	0.461000;	6;	0.006000;	717;	0.717000;	0;	0.000000;	34;	0.034000;	
Ahuja_Orlin_Parallel_8_processes;	0;	0.000000;	6;	0.006000;	1987;	1.987000;	82;	0.082000;	0;	0.000000;	121;	0.121000;	0;	0.000000;	16;	0.016000;	161;	0.161000;	220;	0.220000;	4;	0.004000;	334;	0.334000;	0;	0.000000;	19;	0.019000;	3;	0.003000;	680;	0.680000;	40;	0.040000;	3;	0.003000;	1129;	1.129000;	4;	0.004000;	1294;	1.294000;	64;	0.064000;	54;	0.054000;	
Push_Relabel_Parallel_16_Processes;	2;	0.002000;	236;	0.236000;	63417;	63.417000;	4174;	4.174000;	33;	0.033000;	5534;	5.534000;	33;	0.033000;	337;	0.337000;	35;	0.035000;	5011;	5.011000;	51;	0.051000;	13615;	13.615000;	9;	0.009000;	635;	0.635000;	78;	0.078000;	19824;	19.824000;	1267;	1.267000;	69;	0.069000;	31248;	31.248000;	136;	0.136000;	36114;	36.114000;	10;	0.010000;	2239;	2.239000;	
Push_Relabel_Segment_Parallel_16_processes;	1;	0.001000;	52;	0.052000;	3159;	3.159000;	305;	0.305000;	6;	0.006000;	415;	0.415000;	5;	0.005000;	86;	0.086000;	13;	0.013000;	510;	0.510000;	17;	0.017000;	1010;	1.010000;	2;	0.002000;	122;	0.122000;	17;	0.017000;	901;	0.901000;	121;	0.121000;	18;	0.018000;	2296;	2.296000;	31;	0.031000;	2077;	2.077000;	3;	0.003000;	220;	0.220000;	
Ahuja_Orlin_Parallel_16_processes;	1;	0.001000;	37;	0.037000;	4110;	4.110000;	406;	0.406000;	5;	0.005000;	597;	0.597000;	7;	0.007000;	82;	0.082000;	11;	0.011000;	689;	0.689000;	19;	0.019000;	1086;	1.086000;	1;	0.001000;	89;	0.089000;	24;	0.024000;	1792;	1.792000;	150;	0.150000;	16;	0.016000;	2532;	2.532000;	28;	0.028000;	3144;	3.144000;	3;	0.003000;	304;	0.304000;	
Hochbaum_highest_label_fifo;	0;	0.000000;	0;	0.000000;	219;	0.219000;	16;	0.016000;	0;	0.000000;	0;	0.000000;	0;	0.000000;	0;	0.000000;	0;	0.000000;	31;	0.031000;	0;	0.000000;	31;	0.031000;	0;	0.000000;	0;	0.000000;	0;	0.000000;	62;	0.062000;	0;	0.000000;	0;	0.000000;	109;	0.109000;	0;	0.000000;	141;	0.141000;	0;	0.000000;	16;	0.016000;	
Hochbaum_highest_label_lifo;	0;	0.000000;	0;	0.000000;	344;	0.344000;	0;	0.000000;	0;	0.000000;	16;	0.016000;	0;	0.000000;	0;	0.000000;	0;	0.000000;	47;	0.047000;	0;	0.000000;	62;	0.062000;	0;	0.000000;	0;	0.000000;	0;	0.000000;	78;	0.078000;	16;	0.016000;	0;	0.000000;	391;	0.391000;	0;	0.000000;	297;	0.297000;	0;	0.000000;	16;	0.016000;	
Hochbaum__lowest_label_fifo;	0;	0.000000;	0;	0.000000;	672;	0.672000;	16;	0.016000;	0;	0.000000;	31;	0.031000;	16;	0.016000;	0;	0.000000;	0;	0.000000;	47;	0.047000;	0;	0.000000;	94;	0.094000;	0;	0.000000;	0;	0.000000;	0;	0.000000;	219;	0.219000;	16;	0.016000;	0;	0.000000;	344;	0.344000;	0;	0.000000;	484;	0.484000;	0;	0.000000;	0;	0.000000;	
Hochbaum__lowest_label_lifo;	0;	0.000000;	0;	0.000000;	2203;	2.203000;	31;	0.031000;	0;	0.000000;	47;	0.047000;	0;	0.000000;	0;	0.000000;	0;	0.000000;	125;	0.125000;	0;	0.000000;	328;	0.328000;	0;	0.000000;	0;	0.000000;	0;	0.000000;	781;	0.781000;	16;	0.016000;	0;	0.000000;	750;	0.750000;	0;	0.000000;	1906;	1.906000;	0;	0.000000;	16;	0.016000;	
boykov_kolmogorov;	0;	0.000000;	3;	0.003000;	32231;	32.231000;	363;	0.363000;	0;	0.000000;	623;	0.623000;	0;	0.000000;	15;	0.015000;	0;	0.000000;	1129;	1.129000;	0;	0.000000;	3458;	3.458000;	0;	0.000000;	33;	0.033000;	0;	0.000000;	6849;	6.849000;	84;	0.084000;	0;	0.000000;	13357;	13.357000;	1;	0.001000;	21027;	21.027000;	0;	0.000000;	167;	0.167000;	
