nome file;	100000.max;;	1000.max;;	10.max;;	12250.max;;	16000.max;;	160.max;;	20.max;;	2250.max;;	25000.max;;	250.max;;	36000.max;;	360.max;;	4000.max;;	40.max;;	49000.max;;	490.max;;	6250.max;;	64000.max;;	640.max;;	81000.max;;	810.max;;	9000.max;;	90.max;;	
numero di nodi;	100000;;	1000;;	10;;	12250;;	16000;;	160;;	160;;	2250;;	25000;;	250;;	36000;;	360;;	4000;;	40;;	49000;;	490;;	6250;;	64000;;	640;;	81000;;	810;;	9000;;	90;;	
numero di archi;	485994;;	4494;;	7;;	58619;;	76794;;	618;;	618;;	10419;;	120494;;	1019;;	173994;;	1518;;	18794;;	110;;	237294;;	2115;;	29619;;	310394;;	2810;;	393294;;	3603;;	42894;;	315;;	
dimensione del file (Kbytes);	13764;;	128;;	1;;	1661;;	2176;;	18;;	18;;	296;;	3413;;	30;;	4928;;	44;;	533;;	4;;	6721;;	61;;	840;;	8791;;	80;;	11139;;	103;;	1216;;	10;;	
dimensione del file (Mbytes);	13.441406;;	0.125000;;	0.000977;;	1.622070;;	2.125000;;	0.017578;;	0.017578;;	0.289062;;	3.333008;;	0.029297;;	4.812500;;	0.042969;;	0.520508;;	0.003906;;	6.563477;;	0.059570;;	0.820312;;	8.584961;;	0.078125;;	10.877930;;	0.100586;;	1.187500;;	0.009766;;	
[descrizione del dataset]
ALGORITMO;Tempi di esecuzione (ms); Tempi di esecuzione (s);Tempi di esecuzione (ms); Tempi di esecuzione (s);Tempi di esecuzione (ms); Tempi di esecuzione (s);Tempi di esecuzione (ms); Tempi di esecuzione (s);Tempi di esecuzione (ms); Tempi di esecuzione (s);Tempi di esecuzione (ms); Tempi di esecuzione (s);Tempi di esecuzione (ms); Tempi di esecuzione (s);Tempi di esecuzione (ms); Tempi di esecuzione (s);Tempi di esecuzione (ms); Tempi di esecuzione (s);Tempi di esecuzione (ms); Tempi di esecuzione (s);Tempi di esecuzione (ms); Tempi di esecuzione (s);Tempi di esecuzione (ms); Tempi di esecuzione (s);Tempi di esecuzione (ms); Tempi di esecuzione (s);Tempi di esecuzione (ms); Tempi di esecuzione (s);Tempi di esecuzione (ms); Tempi di esecuzione (s);Tempi di esecuzione (ms); Tempi di esecuzione (s);Tempi di esecuzione (ms); Tempi di esecuzione (s);Tempi di esecuzione (ms); Tempi di esecuzione (s);Tempi di esecuzione (ms); Tempi di esecuzione (s);Tempi di esecuzione (ms); Tempi di esecuzione (s);Tempi di esecuzione (ms); Tempi di esecuzione (s);Tempi di esecuzione (ms); Tempi di esecuzione (s);Tempi di esecuzione (ms); Tempi di esecuzione (s);
Edmond_Karps;	515993;	515.993000;	16;	0.016000;	0;	0.000000;	3951;	3.951000;	7024;	7.024000;	0;	0.000000;	0;	0.000000;	103;	0.103000;	17774;	17.774000;	0;	0.000000;	40742;	40.742000;	1;	0.001000;	330;	0.330000;	0;	0.000000;	82363;	82.363000;	3;	0.003000;	884;	0.884000;	158769;	158.769000;	5;	0.005000;	282393;	282.393000;	10;	0.010000;	1976;	1.976000;	0;	0.000000;	
Dinic;	9698;	9.698000;	4;	0.004000;	0;	0.000000;	252;	0.252000;	393;	0.393000;	0;	0.000000;	0;	0.000000;	14;	0.014000;	646;	0.646000;	0;	0.000000;	1408;	1.408000;	0;	0.000000;	32;	0.032000;	0;	0.000000;	2570;	2.570000;	1;	0.001000;	71;	0.071000;	4418;	4.418000;	1;	0.001000;	5598;	5.598000;	2;	0.002000;	136;	0.136000;	0;	0.000000;	
Push_Relabel_FIFO;	2097;	2.097000;	0;	0.000000;	0;	0.000000;	40;	0.040000;	73;	0.073000;	0;	0.000000;	0;	0.000000;	2;	0.002000;	130;	0.130000;	0;	0.000000;	342;	0.342000;	0;	0.000000;	6;	0.006000;	0;	0.000000;	536;	0.536000;	0;	0.000000;	12;	0.012000;	1095;	1.095000;	0;	0.000000;	1382;	1.382000;	0;	0.000000;	23;	0.023000;	0;	0.000000;	
Push_Relabel_Highest;	718;	0.718000;	0;	0.000000;	0;	0.000000;	26;	0.026000;	34;	0.034000;	0;	0.000000;	0;	0.000000;	2;	0.002000;	65;	0.065000;	0;	0.000000;	125;	0.125000;	0;	0.000000;	5;	0.005000;	0;	0.000000;	193;	0.193000;	0;	0.000000;	8;	0.008000;	320;	0.320000;	0;	0.000000;	518;	0.518000;	0;	0.000000;	13;	0.013000;	0;	0.000000;	
Ahuja_Orlin;	2505;	2.505000;	1;	0.001000;	0;	0.000000;	63;	0.063000;	103;	0.103000;	0;	0.000000;	0;	0.000000;	5;	0.005000;	165;	0.165000;	0;	0.000000;	369;	0.369000;	0;	0.000000;	10;	0.010000;	0;	0.000000;	648;	0.648000;	0;	0.000000;	21;	0.021000;	1115;	1.115000;	0;	0.000000;	1607;	1.607000;	0;	0.000000;	37;	0.037000;	0;	0.000000;	
Push_Relabel_Parallel_2_Processes;	10067;	10.067000;	17;	0.017000;	0;	0.000000;	438;	0.438000;	616;	0.616000;	2;	0.002000;	2;	0.002000;	28;	0.028000;	778;	0.778000;	2;	0.002000;	1881;	1.881000;	3;	0.003000;	65;	0.065000;	0;	0.000000;	2977;	2.977000;	4;	0.004000;	112;	0.112000;	4792;	4.792000;	7;	0.007000;	5930;	5.930000;	10;	0.010000;	224;	0.224000;	0;	0.000000;	
Push_Relabel_Segment_Parallel_2_processes;	1454;	1.454000;	3;	0.003000;	0;	0.000000;	82;	0.082000;	80;	0.080000;	0;	0.000000;	0;	0.000000;	8;	0.008000;	189;	0.189000;	1;	0.001000;	338;	0.338000;	1;	0.001000;	14;	0.014000;	0;	0.000000;	354;	0.354000;	1;	0.001000;	19;	0.019000;	779;	0.779000;	2;	0.002000;	1088;	1.088000;	2;	0.002000;	30;	0.030000;	0;	0.000000;	
Ahuja_Orlin_Parallel_2_processes;	3176;	3.176000;	4;	0.004000;	0;	0.000000;	91;	0.091000;	194;	0.194000;	0;	0.000000;	0;	0.000000;	10;	0.010000;	300;	0.300000;	0;	0.000000;	513;	0.513000;	1;	0.001000;	16;	0.016000;	0;	0.000000;	1018;	1.018000;	1;	0.001000;	44;	0.044000;	1524;	1.524000;	2;	0.002000;	2084;	2.084000;	2;	0.002000;	54;	0.054000;	0;	0.000000;	
Push_Relabel_Parallel_4_Processes;	7719;	7.719000;	16;	0.016000;	0;	0.000000;	422;	0.422000;	565;	0.565000;	2;	0.002000;	2;	0.002000;	27;	0.027000;	645;	0.645000;	2;	0.002000;	1501;	1.501000;	3;	0.003000;	44;	0.044000;	0;	0.000000;	2374;	2.374000;	4;	0.004000;	120;	0.120000;	3629;	3.629000;	5;	0.005000;	4782;	4.782000;	10;	0.010000;	204;	0.204000;	1;	0.001000;	
Push_Relabel_Segment_Parallel_4_processes;	1282;	1.282000;	5;	0.005000;	0;	0.000000;	73;	0.073000;	80;	0.080000;	0;	0.000000;	0;	0.000000;	12;	0.012000;	161;	0.161000;	1;	0.001000;	274;	0.274000;	2;	0.002000;	18;	0.018000;	0;	0.000000;	438;	0.438000;	1;	0.001000;	18;	0.018000;	629;	0.629000;	1;	0.001000;	871;	0.871000;	3;	0.003000;	50;	0.050000;	0;	0.000000;	
Ahuja_Orlin_Parallel_4_processes;	2330;	2.330000;	4;	0.004000;	0;	0.000000;	136;	0.136000;	200;	0.200000;	0;	0.000000;	0;	0.000000;	11;	0.011000;	241;	0.241000;	1;	0.001000;	485;	0.485000;	1;	0.001000;	17;	0.017000;	0;	0.000000;	914;	0.914000;	2;	0.002000;	35;	0.035000;	1364;	1.364000;	2;	0.002000;	1742;	1.742000;	8;	0.008000;	75;	0.075000;	0;	0.000000;	
Push_Relabel_Parallel_8_Processes;	8221;	8.221000;	32;	0.032000;	0;	0.000000;	477;	0.477000;	740;	0.740000;	3;	0.003000;	3;	0.003000;	42;	0.042000;	672;	0.672000;	4;	0.004000;	1642;	1.642000;	6;	0.006000;	64;	0.064000;	0;	0.000000;	2784;	2.784000;	7;	0.007000;	146;	0.146000;	3753;	3.753000;	8;	0.008000;	4949;	4.949000;	15;	0.015000;	232;	0.232000;	1;	0.001000;	
Push_Relabel_Segment_Parallel_8_processes;	1283;	1.283000;	9;	0.009000;	0;	0.000000;	76;	0.076000;	119;	0.119000;	0;	0.000000;	0;	0.000000;	22;	0.022000;	169;	0.169000;	2;	0.002000;	312;	0.312000;	3;	0.003000;	25;	0.025000;	0;	0.000000;	473;	0.473000;	3;	0.003000;	26;	0.026000;	604;	0.604000;	3;	0.003000;	876;	0.876000;	10;	0.010000;	61;	0.061000;	0;	0.000000;	
Ahuja_Orlin_Parallel_8_processes;	2446;	2.446000;	7;	0.007000;	0;	0.000000;	151;	0.151000;	162;	0.162000;	0;	0.000000;	0;	0.000000;	16;	0.016000;	346;	0.346000;	2;	0.002000;	522;	0.522000;	3;	0.003000;	27;	0.027000;	0;	0.000000;	932;	0.932000;	4;	0.004000;	46;	0.046000;	1310;	1.310000;	7;	0.007000;	1586;	1.586000;	7;	0.007000;	88;	0.088000;	0;	0.000000;	
Push_Relabel_Parallel_16_Processes;	200036;	200.036000;	831;	0.831000;	10;	0.010000;	13362;	13.362000;	17809;	17.809000;	106;	0.106000;	107;	0.107000;	1138;	1.138000;	16373;	16.373000;	119;	0.119000;	42915;	42.915000;	175;	0.175000;	1684;	1.684000;	19;	0.019000;	62981;	62.981000;	202;	0.202000;	4043;	4.043000;	98079;	98.079000;	241;	0.241000;	112736;	112.736000;	437;	0.437000;	7160;	7.160000;	33;	0.033000;	
Push_Relabel_Segment_Parallel_16_processes;	8598;	8.598000;	144;	0.144000;	4;	0.004000;	996;	0.996000;	1172;	1.172000;	21;	0.021000;	21;	0.021000;	330;	0.330000;	1790;	1.790000;	32;	0.032000;	3590;	3.590000;	58;	0.058000;	367;	0.367000;	8;	0.008000;	3310;	3.310000;	50;	0.050000;	486;	0.486000;	6825;	6.825000;	52;	0.052000;	6150;	6.150000;	80;	0.080000;	731;	0.731000;	11;	0.011000;	
Ahuja_Orlin_Parallel_16_processes;	12619;	12.619000;	96;	0.096000;	4;	0.004000;	1338;	1.338000;	2051;	2.051000;	19;	0.019000;	19;	0.019000;	228;	0.228000;	2291;	2.291000;	29;	0.029000;	3309;	3.309000;	47;	0.047000;	253;	0.253000;	5;	0.005000;	5958;	5.958000;	58;	0.058000;	537;	0.537000;	7961;	7.961000;	39;	0.039000;	9998;	9.998000;	66;	0.066000;	913;	0.913000;	12;	0.012000;	
Hochbaum_highest_label_fifo;	340;	0.340000;	0;	0.000000;	0;	0.000000;	12;	0.012000;	16;	0.016000;	0;	0.000000;	0;	0.000000;	0;	0.000000;	32;	0.032000;	0;	0.000000;	56;	0.056000;	0;	0.000000;	4;	0.004000;	0;	0.000000;	96;	0.096000;	0;	0.000000;	4;	0.004000;	164;	0.164000;	0;	0.000000;	228;	0.228000;	0;	0.000000;	4;	0.004000;	0;	0.000000;	
Hochbaum_highest_label_lifo;	544;	0.544000;	0;	0.000000;	0;	0.000000;	12;	0.012000;	20;	0.020000;	0;	0.000000;	0;	0.000000;	4;	0.004000;	72;	0.072000;	0;	0.000000;	92;	0.092000;	0;	0.000000;	4;	0.004000;	0;	0.000000;	128;	0.128000;	0;	0.000000;	4;	0.004000;	568;	0.568000;	0;	0.000000;	472;	0.472000;	0;	0.000000;	8;	0.008000;	0;	0.000000;	
Hochbaum__lowest_label_fifo;	1180;	1.180000;	0;	0.000000;	0;	0.000000;	28;	0.028000;	48;	0.048000;	0;	0.000000;	0;	0.000000;	4;	0.004000;	96;	0.096000;	0;	0.000000;	188;	0.188000;	0;	0.000000;	4;	0.004000;	0;	0.000000;	348;	0.348000;	0;	0.000000;	8;	0.008000;	536;	0.536000;	0;	0.000000;	800;	0.800000;	0;	0.000000;	16;	0.016000;	0;	0.000000;	
Hochbaum__lowest_label_lifo;	3944;	3.944000;	0;	0.000000;	0;	0.000000;	60;	0.060000;	72;	0.072000;	0;	0.000000;	0;	0.000000;	4;	0.004000;	200;	0.200000;	0;	0.000000;	508;	0.508000;	0;	0.000000;	4;	0.004000;	0;	0.000000;	1328;	1.328000;	0;	0.000000;	16;	0.016000;	1228;	1.228000;	0;	0.000000;	3332;	3.332000;	0;	0.000000;	32;	0.032000;	0;	0.000000;	
boykov_kolmogorov;	54969;	54.969000;	3;	0.003000;	0;	0.000000;	510;	0.510000;	876;	0.876000;	0;	0.000000;	0;	0.000000;	18;	0.018000;	1703;	1.703000;	0;	0.000000;	5123;	5.123000;	0;	0.000000;	42;	0.042000;	0;	0.000000;	10325;	10.325000;	0;	0.000000;	104;	0.104000;	20277;	20.277000;	1;	0.001000;	33837;	33.837000;	2;	0.002000;	228;	0.228000;	0;	0.000000;	
