nome file;	10.max;;	100.max;;	1000.max;;	10000.max;;	100000.max;;	2000.max;;	50.max;;	500.max;;	5000.max;;	50000.max;;	500000.max;;	
numero di nodi;	10;;	10000;;	1000;;	10000;;	100000;;	2000;;	500;;	5000;;	5000;;	50000;;	500000;;	
numero di archi;	7;;	39596;;	4494;;	45894;;	485994;;	9094;;	2194;;	22894;;	22894;;	229894;;	2469994;;	
dimensione del file (Kbytes);	1;;	1122;;	128;;	1301;;	13764;;	258;;	63;;	649;;	649;;	6511;;	69952;;	
dimensione del file (Mbytes);	0.000977;;	1.095703;;	0.125000;;	1.270508;;	13.441406;;	0.251953;;	0.061523;;	0.633789;;	0.633789;;	6.358398;;	68.312500;;	
[descrizione del dataset]
ALGORITMO;Tempi di esecuzione (ms); Tempi di esecuzione (s);Tempi di esecuzione (ms); Tempi di esecuzione (s);Tempi di esecuzione (ms); Tempi di esecuzione (s);Tempi di esecuzione (ms); Tempi di esecuzione (s);Tempi di esecuzione (ms); Tempi di esecuzione (s);Tempi di esecuzione (ms); Tempi di esecuzione (s);Tempi di esecuzione (ms); Tempi di esecuzione (s);Tempi di esecuzione (ms); Tempi di esecuzione (s);Tempi di esecuzione (ms); Tempi di esecuzione (s);Tempi di esecuzione (ms); Tempi di esecuzione (s);Tempi di esecuzione (ms); Tempi di esecuzione (s);
Dinic;	0;	0.000000;	0;	0.000000;	4;	0.004000;	130;	0.130000;	7700;	7.700000;	9;	0.009000;	1;	0.001000;	37;	0.037000;	30;	0.030000;	1672;	1.672000;	111651;	111.651000;	
Push_Relabel_FIFO;	0;	0.000000;	0;	0.000000;	0;	0.000000;	6;	0.006000;	1112;	1.112000;	1;	0.001000;	0;	0.000000;	3;	0.003000;	3;	0.003000;	58;	0.058000;	8659;	8.659000;	
Push_Relabel_Highest;	0;	0.000000;	0;	0.000000;	0;	0.000000;	3;	0.003000;	459;	0.459000;	1;	0.001000;	0;	0.000000;	1;	0.001000;	1;	0.001000;	9;	0.009000;	2618;	2.618000;	
Ahuja_Orlin;	0;	0.000000;	1;	0.001000;	1;	0.001000;	16;	0.016000;	1402;	1.402000;	1;	0.001000;	0;	0.000000;	5;	0.005000;	5;	0.005000;	158;	0.158000;	9968;	9.968000;	
Push_Relabel_Parallel_2_Processes;	0;	0.000000;	4;	0.004000;	13;	0.013000;	18;	0.018000;	4958;	4.958000;	14;	0.014000;	7;	0.007000;	11;	0.011000;	11;	0.011000;	113;	0.113000;	13548;	13.548000;	
Push_Relabel_Segment_Parallel_2_processes;	0;	0.000000;	1;	0.001000;	4;	0.004000;	10;	0.010000;	810;	0.810000;	4;	0.004000;	1;	0.001000;	6;	0.006000;	6;	0.006000;	35;	0.035000;	4058;	4.058000;	
Ahuja_Orlin_Parallel_2_processes;	0;	0.000000;	2;	0.002000;	2;	0.002000;	24;	0.024000;	1466;	1.466000;	4;	0.004000;	1;	0.001000;	7;	0.007000;	7;	0.007000;	209;	0.209000;	8495;	8.495000;	
Push_Relabel_Parallel_4_Processes;	0;	0.000000;	5;	0.005000;	16;	0.016000;	17;	0.017000;	5239;	5.239000;	17;	0.017000;	13;	0.013000;	13;	0.013000;	14;	0.014000;	83;	0.083000;	12010;	12.010000;	
Push_Relabel_Segment_Parallel_4_processes;	0;	0.000000;	2;	0.002000;	5;	0.005000;	13;	0.013000;	749;	0.749000;	6;	0.006000;	3;	0.003000;	9;	0.009000;	8;	0.008000;	31;	0.031000;	3998;	3.998000;	
Ahuja_Orlin_Parallel_4_processes;	0;	0.000000;	2;	0.002000;	4;	0.004000;	27;	0.027000;	1459;	1.459000;	5;	0.005000;	2;	0.002000;	14;	0.014000;	9;	0.009000;	211;	0.211000;	6931;	6.931000;	
Push_Relabel_Parallel_8_Processes;	0;	0.000000;	8;	0.008000;	30;	0.030000;	20;	0.020000;	9059;	9.059000;	595;	0.595000;	632;	0.632000;	290;	0.290000;	311;	0.311000;	224;	0.224000;	16240;	16.240000;	
Push_Relabel_Segment_Parallel_8_processes;	0;	0.000000;	2;	0.002000;	63;	0.063000;	46;	0.046000;	2208;	2.208000;	37;	0.037000;	11;	0.011000;	9;	0.009000;	13;	0.013000;	256;	0.256000;	6250;	6.250000;	
Ahuja_Orlin_Parallel_8_processes;	0;	0.000000;	6;	0.006000;	236;	0.236000;	53;	0.053000;	2540;	2.540000;	30;	0.030000;	8;	0.008000;	59;	0.059000;	15;	0.015000;	472;	0.472000;	8361;	8.361000;	
Push_Relabel_Parallel_16_Processes;	3;	0.003000;	95;	0.095000;	260;	0.260000;	219;	0.219000;	65023;	65.023000;	227;	0.227000;	141;	0.141000;	139;	0.139000;	163;	0.163000;	773;	0.773000;	92018;	92.018000;	
Push_Relabel_Segment_Parallel_16_processes;	2;	0.002000;	21;	0.021000;	54;	0.054000;	92;	0.092000;	3264;	3.264000;	75;	0.075000;	40;	0.040000;	67;	0.067000;	58;	0.058000;	238;	0.238000;	11724;	11.724000;	
Ahuja_Orlin_Parallel_16_processes;	1;	0.001000;	22;	0.022000;	52;	0.052000;	118;	0.118000;	4249;	4.249000;	53;	0.053000;	33;	0.033000;	57;	0.057000;	55;	0.055000;	760;	0.760000;	14076;	14.076000;	
Hochbaum_highest_label_fifo;	0;	0.000000;	0;	0.000000;	0;	0.000000;	16;	0.016000;	219;	0.219000;	0;	0.000000;	0;	0.000000;	16;	0.016000;	0;	0.000000;	16;	0.016000;	1406;	1.406000;	
Hochbaum_highest_label_lifo;	0;	0.000000;	0;	0.000000;	0;	0.000000;	0;	0.000000;	375;	0.375000;	0;	0.000000;	0;	0.000000;	0;	0.000000;	0;	0.000000;	16;	0.016000;	1812;	1.812000;	
Hochbaum__lowest_label_fifo;	0;	0.000000;	0;	0.000000;	0;	0.000000;	31;	0.031000;	641;	0.641000;	16;	0.016000;	0;	0.000000;	0;	0.000000;	16;	0.016000;	484;	0.484000;	7094;	7.094000;	
Hochbaum__lowest_label_lifo;	0;	0.000000;	0;	0.000000;	0;	0.000000;	16;	0.016000;	2172;	2.172000;	0;	0.000000;	0;	0.000000;	16;	0.016000;	0;	0.000000;	438;	0.438000;	8359;	8.359000;	
boykov_kolmogorov;	0;	0.000000;	1;	0.001000;	3;	0.003000;	99;	0.099000;	33071;	33.071000;	10;	0.010000;	0;	0.000000;	32;	0.032000;	35;	0.035000;	684;	0.684000;	2110640;	2110.640000;	
