nome file;	KZ2-sawtooth17.max;;	KZ2-tsukuba13.max;;	KZ2-tsukuba9.max;;	KZ2-venus19.max;;	sampe.max;;	
numero di nodi;	158462;;	106850;;	172132;;	158947;;	8;;	
numero di archi;	316123;;	213037;;	457126;;	317092;;	8;;	
dimensione del file (Kbytes);	13095;;	8511;;	18728;;	13137;;	1;;	
dimensione del file (Mbytes);	12.788086;;	8.311523;;	18.289062;;	12.829102;;	0.000977;;	
[descrizione del dataset]
ALGORITMO;
Edmond_Karps;	239751;	239.751000;	63567;	63.567000;	606927;	606.927000;	208626;	208.626000;	0;	0.000000;	
Dinic;	102;	0.102000;	129;	0.129000;	731;	0.731000;	69;	0.069000;	0;	0.000000;	
Push_Relabel_FIFO;	46;	0.046000;	24;	0.024000;	120;	0.120000;	44;	0.044000;	0;	0.000000;	
Push_Relabel_Highest;	27;	0.027000;	13;	0.013000;	79;	0.079000;	25;	0.025000;	0;	0.000000;	
Ahuja_Orlin;	104;	0.104000;	50;	0.050000;	191;	0.191000;	100;	0.100000;	0;	0.000000;	
Push_Relabel_Parallel_2_Processes;	66;	0.066000;	39;	0.039000;	167;	0.167000;	61;	0.061000;	0;	0.000000;	
Push_Relabel_Segment_Parallel_2_processes;	53;	0.053000;	28;	0.028000;	164;	0.164000;	53;	0.053000;	0;	0.000000;	
Ahuja_Orlin_Parallel_2_processes;	184;	0.184000;	102;	0.102000;	296;	0.296000;	191;	0.191000;	0;	0.000000;	
Push_Relabel_Parallel_4_Processes;	56;	0.056000;	33;	0.033000;	133;	0.133000;	55;	0.055000;	0;	0.000000;	
Push_Relabel_Segment_Parallel_4_processes;	56;	0.056000;	29;	0.029000;	134;	0.134000;	52;	0.052000;	0;	0.000000;	
Ahuja_Orlin_Parallel_4_processes;	178;	0.178000;	93;	0.093000;	379;	0.379000;	170;	0.170000;	0;	0.000000;	
Push_Relabel_Parallel_8_Processes;	94;	0.094000;	72;	0.072000;	178;	0.178000;	51;	0.051000;	0;	0.000000;	
Push_Relabel_Segment_Parallel_8_processes;	107;	0.107000;	30;	0.030000;	344;	0.344000;	53;	0.053000;	0;	0.000000;	
Ahuja_Orlin_Parallel_8_processes;	296;	0.296000;	155;	0.155000;	476;	0.476000;	406;	0.406000;	0;	0.000000;	
Push_Relabel_Parallel_16_Processes;	126;	0.126000;	156;	0.156000;	318;	0.318000;	124;	0.124000;	3;	0.003000;	
Push_Relabel_Segment_Parallel_16_processes;	70;	0.070000;	35;	0.035000;	185;	0.185000;	54;	0.054000;	1;	0.001000;	
Ahuja_Orlin_Parallel_16_processes;	216;	0.216000;	125;	0.125000;	338;	0.338000;	225;	0.225000;	1;	0.001000;	
Hochbaum_highest_label_fifo;	47;	0.047000;	31;	0.031000;	78;	0.078000;	47;	0.047000;	0;	0.000000;	
Hochbaum_highest_label_lifo;	47;	0.047000;	31;	0.031000;	62;	0.062000;	31;	0.031000;	0;	0.000000;	
Hochbaum__lowest_label_fifo;	62;	0.062000;	47;	0.047000;	141;	0.141000;	78;	0.078000;	0;	0.000000;	
Hochbaum__lowest_label_lifo;	47;	0.047000;	31;	0.031000;	94;	0.094000;	47;	0.047000;	0;	0.000000;	
boykov_kolmogorov;	12;	0.012000;	7;	0.007000;	55;	0.055000;	11;	0.011000;	0;	0.000000;	
